8745
57
858
226
468
226
338
343
52
940
998
738
867
146
282
132
966
355
641
372
319
341
888
904
368
902
458
2
834
670
789
69
275
812
73
946
286
891
977
315
45
208
442
276
345
3
160
713
234
88
296
447
706
25
408
923
331
769
371
1
385
136
96
107
50
334
834
662
242
198
939
586
267
209
217
550
690
523
18
669
485
590
164
161
544
481
205
474
847
428
505
323
373
651
50
562
122
620
978
82
860
159
540
671
757
250
584
837
282
918
197
348
163
905
192
476
774
944
715
866
94
857
265
212
177
259
838
831
560
730
748
586
191
291
664
230
572
944
466
900
716
816
603
595
497
758
977
677
536
581
574
950
766
853
415
904
443
60
680
813
735
620
693
442
528
852
51
275
310
822
924
529
126
229
505
974
474
641
819
121
865
929
802
674
379
51
670
619
813
146
308
600
547
285
744
893
579
40
721
475
150
402
138
911
194
218
268
719
770
278
561
50
399
809
515
771
695
440
179
80
500
146
358
381
328
658
586
817
820
570
894
378
224
126
375
930
677
114
742
357
846
304
591
261
700
882
325
148
608
240
137
981
156
887
274
232
715
462
838
248
831
918
214
139
169
350
823
485
434
440
253
225
992
860
794
885
781
422
324
233
354
806
885
84
632
429
236
883
551
415
9
127
991
785
653
762
700
911
999
142
615
42
459
81
494
157
126
968
710
347
941
503
423
311
250
163
934
400
840
972
944
606
94
211
513
493
127
659
21
789
835
207
54
315
126
960
556
961
102
809
706
564
546
129
405
447
669
572
168
460
746
855
226
898
930
662
705
984
496
556
608
948
230
677
716
832
697
59
820
337
894
268
623
54
472
996
631
202
442
476
395
69
302
831
546
421
728
405
883
260
869
358
122
159
637
612
757
179
719
933
772
436
988
908
671
91
187
947
753
419
932
191
602
680
560
304
67
388
901
44
794
79
640
655
102
987
515
192
980
490
966
659
671
660
273
918
423
200
288
403
368
262
551
641
451
287
676
519
321
250
349
415
988
332
486
82
680
827
301
797
566
591
977
720
778
630
412
983
762
842
369
447
623
985
464
878
384
296
519
935
889
869
403
945
171
784
204
708
837
812
470
655
728
32
315
448
56
413
206
1
814
180
699
283
578
134
411
10
214
558
379
13
694
382
755
240
739
37
332
768
671
826
707
626
267
192
122
192
517
206
206
225
821
290
659
332
733
825
731
305
17
317
117
100
740
92
690
935
594
729
91
10
756
681
351
554
142
916
81
795
989
749
893
411
300
744
515
229
589
344
396
943
204
922
114
672
239
97
892
665
250
782
398
319
376
868
823
458
572
414
572
46
932
950
810
699
87
690
544
3
741
212
523
999
317
255
316
734
348
778
964
715
521
130
487
962
382
840
622
184
488
323
183
140
383
540
983
789
177
197
263
193
769
652
724
967
118
178
840
217
942
202
823
130
25
184
620
48
233
496
489
534
735
696
277
57
73
179
624
733
591
203
762
403
590
986
530
321
692
389
795
430
481
670
448
744
454
732
503
140
824
793
660
89
293
72
756
714
959
945
970
78
790
386
567
726
391
715
178
274
210
542
543
376
602
18
211
34
710
107
630
379
612
743
113
934
493
23
575
730
52
728
976
278
815
869
425
541
888
907
351
406
926
240
177
955
460
393
622
996
99
831
796
928
659
349
791
471
388
425
514
46
716
556
624
631
641
368
139
77
293
421
286
1
834
288
206
444
267
512
474
82
578
966
180
759
672
288
632
265
855
370
593
433
27
179
131
479
423
607
875
217
787
510
242
911
635
8
688
798
691
443
886
112
351
211
148
469
599
412
529
800
808
527
904
799
725
271
911
1000
180
983
148
901
981
378
872
12
701
278
517
350
169
277
380
354
454
186
126
189
421
701
381
23
267
66
275
925
399
260
544
263
333
610
401
774
15
932
67
540
467
572
32
863
64
571
560
579
570
583
800
419
301
798
136
108
350
633
702
751
964
720
193
400
142
990
568
887
462
905
704
539
595
784
372
38
220
489
375
233
256
734
29
660
51
123
287
346
883
415
22
503
857
373
695
919
578
926
860
245
693
940
459
260
439
701
223
782
306
194
76
814
100
403
969
668
268
202
222
20
415
424
645
211
688
23
29
792
47
414
432
643
520
514
223
845
756
143
644
763
477
3
420
952
458
107
904
157
466
285
160
840
846
825
480
815
799
804
463
327
663
674
210
221
595
879
944
952
366
635
702
545
553
952
859
169
365
137
997
725
371
600
298
568
691
764
731
422
794
286
195
872
719
206
709
792
379
727
715
155
880
859
971
950
922
196
380
342
211
281
406
976
203
713
351
513
732
662
362
236
859
969
547
6
482
343
21
287
331
285
284
560
263
117
638
291
477
644
931
19
806
839
590
217
932
986
140
808
699
836
850
206
312
523
315
511
126
471
966
39
447
670
166
972
807
915
243
606
645
476
789
556
515
631
705
196
668
567
333
191
421
857
765
991
796
565
840
765
213
700
180
363
540
597
773
451
12
395
861
346
382
375
678
173
965
357
955
334
470
181
524
699
526
377
608
835
595
742
701
334
852
953
891
792
509
423
958
241
458
465
618
60
796
762
369
290
930
302
784
474
295
384
832
504
305
280
808
167
602
632
199
36
407
154
167
553
246
952
757
154
228
839
997
951
620
144
627
318
492
332
508
373
314
276
763
897
379
931
911
510
692
584
865
388
170
731
316
698
939
387
253
841
807
18
538
256
945
358
559
735
272
949
251
42
659
732
417
484
929
820
131
365
165
234
944
938
56
81
294
424
769
773
403
892
103
759
629
74
992
928
682
608
50
276
729
197
710
445
503
516
852
369
134
399
298
337
128
730
446
534
617
94
483
210
810
630
776
960
866
553
267
666
967
572
685
749
410
675
695
75
977
140
835
885
654
369
197
234
36
144
512
528
449
272
69
686
335
442
102
443
141
362
744
799
83
336
495
101
451
599
75
913
962
738
56
563
877
590
364
400
9
32
578
906
970
419
179
332
837
54
788
803
74
552
314
580
377
745
626
94
894
870
701
308
830
816
273
762
953
490
779
560
810
117
23
904
625
930
722
576
49
788
975
917
173
79
206
772
814
889
723
558
296
51
170
7
731
403
248
139
148
714
228
718
363
45
277
158
464
434
669
680
751
609
243
283
858
124
735
620
374
741
758
943
613
930
429
152
810
943
625
539
844
9
461
214
977
450
534
912
20
966
736
390
962
913
340
498
933
827
553
104
35
761
854
111
977
480
930
888
185
96
898
855
108
668
929
531
488
922
383
251
641
515
760
686
438
800
437
791
203
358
216
268
764
377
408
289
865
377
853
102
420
874
181
642
935
638
525
594
539
631
43
418
748
148
816
422
592
634
51
573
70
172
616
371
723
272
312
794
967
143
466
484
286
905
791
296
723
355
332
518
191
910
272
216
383
45
36
920
548
603
322
592
171
766
30
154
140
308
586
980
104
96
798
703
740
217
740
277
979
488
426
684
959
556
528
147
928
227
945
120
197
103
774
732
214
970
70
884
517
304
594
901
25
688
260
690
938
742
624
781
283
696
155
432
776
555
344
974
921
481
9
572
927
713
195
485
444
700
858
630
423
695
723
63
228
338
177
379
298
27
726
36
6
712
763
261
846
63
180
438
343
932
770
22
831
871
124
480
439
990
576
836
240
702
706
376
639
146
559
75
723
222
220
767
578
435
679
824
123
750
959
877
303
975
312
210
681
75
222
439
876
383
43
489
596
834
755
83
876
389
844
121
855
489
44
688
506
645
906
901
710
683
503
113
827
926
421
613
48
275
5
736
808
704
391
410
278
437
874
276
673
414
579
71
794
754
306
693
946
675
897
688
609
586
342
997
177
262
503
739
545
9
181
782
29
911
353
243
75
644
42
656
832
337
609
498
505
819
828
841
326
568
895
308
472
342
673
52
92
514
713
856
431
618
393
365
713
328
579
343
862
715
393
89
39
827
377
93
728
705
908
152
922
273
40
821
416
517
451
196
431
407
904
791
415
618
286
65
790
54
763
132
620
774
681
125
505
223
615
277
586
768
832
503
82
433
72
849
933
529
514
545
880
240
438
517
636
29
384
319
362
253
957
803
624
537
567
23
225
522
391
798
587
908
649
968
810
380
259
594
114
679
656
301
153
625
521
398
491
983
403
673
319
73
636
227
583
727
838
427
909
31
822
147
544
817
238
33
886
743
574
412
620
940
626
734
328
415
749
813
583
876
859
229
475
447
20
830
116
470
92
685
32
427
623
193
309
650
562
484
458
421
332
429
958
946
780
230
152
389
708
559
333
503
571
566
16
763
673
504
180
329
651
865
509
369
270
516
485
685
632
823
522
347
842
471
972
406
297
443
645
376
620
327
433
742
408
672
708
472
415
446
779
83
704
363
330
741
111
15
533
821
677
470
354
220
162
94
884
652
359
104
978
483
616
146
886
507
278
359
234
330
627
532
28
673
327
208
82
524
735
519
808
109
581
427
407
661
226
296
71
15
696
97
293
762
765
716
896
20
65
751
469
702
400
518
43
304
203
827
273
217
641
664
867
554
603
635
635
984
606
718
988
293
345
91
33
690
677
241
708
827
404
245
659
15
435
71
941
530
217
528
139
729
410
181
817
233
485
3
643
580
568
607
348
681
13
72
442
783
566
916
334
709
109
75
167
169
782
684
70
508
517
19
172
463
580
347
951
556
533
309
187
18
206
253
750
966
706
150
412
859
884
914
713
527
430
951
669
801
95
825
889
762
451
824
560
335
437
950
1000
96
984
383
48
416
851
725
27
266
130
199
435
668
761
262
705
891
676
812
201
259
905
153
26
872
495
499
698
286
928
305
377
89
810
428
596
234
139
611
578
239
546
297
779
230
35
333
332
301
554
78
422
505
225
977
911
146
180
97
488
607
122
145
461
315
334
640
380
803
139
578
829
386
934
479
304
172
309
523
731
995
334
250
386
73
362
997
353
931
16
908
126
526
221
18
745
658
57
144
829
927
478
303
264
527
826
526
798
266
11
131
428
144
26
586
744
15
520
416
710
729
981
386
142
368
287
151
969
337
583
270
601
691
352
326
120
714
809
760
65
493
898
898
667
48
923
27
180
14
911
583
162
350
439
526
645
41
404
661
56
470
460
288
190
930
662
754
57
327
472
595
773
400
437
980
587
454
85
362
450
146
836
981
48
120
980
76
639
676
606
799
210
595
772
993
574
785
194
8
206
602
131
89
814
599
232
229
993
224
899
170
758
856
554
935
437
65
190
265
304
837
963
139
532
702
882
45
535
451
178
763
827
879
758
720
664
559
664
376
201
232
818
127
700
467
13
89
45
262
139
407
172
585
542
738
74
345
396
112
147
68
290
936
949
858
285
459
200
572
471
761
421
859
350
381
232
616
793
991
442
524
196
164
335
347
868
955
599
81
916
54
808
401
268
51
432
814
995
655
440
976
131
206
284
70
931
529
447
978
243
636
859
717
736
602
366
351
391
584
80
939
318
84
681
357
342
168
831
953
869
278
877
969
584
241
944
131
517
69
907
101
422
949
562
302
242
391
619
682
693
238
768
737
120
852
377
764
75
786
55
997
439
29
675
131
472
894
333
815
479
575
961
350
70
149
763
794
997
558
83
23
162
169
428
136
116
756
654
59
448
365
803
864
60
697
271
481
17
203
128
998
687
114
501
840
904
185
827
279
118
324
539
731
568
972
551
491
711
743
747
750
528
655
280
756
754
781
787
847
934
850
373
387
703
850
811
192
823
573
702
720
937
795
93
761
789
220
902
904
517
761
371
144
23
802
577
158
235
613
204
818
932
831
935
300
187
955
400
624
855
132
527
616
321
17
622
349
532
900
468
890
106
526
12
685
369
275
667
138
796
909
639
709
70
192
338
620
993
177
918
463
900
188
538
997
868
376
107
716
729
673
854
965
161
578
633
73
698
453
841
364
801
57
374
5
936
783
187
934
403
593
290
151
27
422
669
161
972
814
518
817
65
935
431
76
248
842
806
585
455
85
352
320
197
726
415
629
334
504
134
896
606
901
1
508
215
681
33
930
126
574
733
65
815
289
580
948
625
753
431
417
371
415
76
825
294
726
972
577
197
513
622
420
942
203
293
795
132
591
60
658
278
348
162
559
47
588
689
994
976
314
224
340
963
582
504
333
30
143
347
438
895
907
64
519
47
782
51
647
823
76
322
926
287
373
171
768
262
788
129
880
947
483
37
86
570
175
760
951
146
308
222
863
651
37
719
494
236
610
424
428
243
342
246
162
390
211
634
535
38
501
568
35
124
480
242
987
268
278
225
58
269
393
411
337
762
633
248
827
955
507
422
735
132
95
421
898
239
308
749
128
350
530
91
159
240
723
115
233
733
854
495
244
605
666
829
599
994
324
94
315
830
77
139
259
790
484
58
242
934
243
391
672
655
343
654
304
819
753
524
489
921
277
357
127
116
196
935
549
710
810
526
730
666
301
417
637
950
848
474
925
759
740
499
618
719
938
700
866
337
127
857
961
701
356
735
24
271
161
391
680
418
526
691
531
42
902
790
584
495
608
785
161
501
915
647
490
616
581
113
369
589
832
662
828
4
353
906
275
450
895
712
59
995
621
218
356
332
316
797
848
629
376
82
537
405
924
406
429
57
948
91
864
813
88
47
991
523
136
202
580
136
601
382
715
315
362
351
904
250
435
233
450
133
907
897
552
539
203
548
63
299
197
883
477
307
131
160
549
332
893
802
535
679
563
836
331
104
266
981
658
601
63
304
849
234
574
131
955
387
109
268
714
628
666
816
338
276
861
133
66
765
67
383
880
761
385
328
247
302
9
288
896
668
796
405
234
752
380
987
479
377
149
316
349
71
927
931
837
115
770
739
443
986
607
372
59
499
959
293
572
536
595
205
340
505
39
995
904
563
443
894
502
520
23
15
553
192
522
99
368
510
15
172
515
797
789
710
27
433
634
967
726
986
67
376
235
402
74
864
424
448
421
672
933
45
143
137
444
908
869
913
120
439
839
309
855
932
648
864
430
438
996
970
391
128
886
348
289
724
923
535
941
90
302
36
608
324
257
502
481
894
220
4
937
883
846
906
650
626
101
647
262
407
155
602
957
926
327
149
218
459
973
548
371
221
603
407
19
665
425
650
389
850
773
966
751
845
88
48
897
83
744
343
424
736
690
475
716
665
11
449
218
299
324
755
119
861
808
588
450
399
228
241
987
468
370
627
94
371
537
705
559
60
28
339
945
413
805
785
903
524
806
265
93
623
612
376
660
519
337
216
32
203
788
303
536
257
591
480
994
175
485
139
984
504
190
199
739
954
744
160
738
388
44
43
87
364
970
71
534
262
993
374
787
49
271
728
47
956
193
440
374
438
809
408
513
611
201
168
211
898
168
148
658
747
688
35
651
238
224
531
978
215
237
626
413
981
600
616
236
977
300
72
64
284
383
429
765
530
107
58
573
786
975
577
658
359
590
748
807
41
108
570
75
36
809
866
420
651
947
51
556
325
692
252
491
589
253
439
288
535
341
344
5
766
203
259
70
363
996
3
381
16
73
951
902
139
952
928
650
254
389
653
682
187
804
239
394
236
598
1
183
856
662
870
591
498
423
974
747
268
172
404
843
993
635
255
486
279
343
784
556
523
496
283
451
63
585
782
930
422
454
774
214
617
760
817
798
802
695
631
789
269
898
9
827
942
566
484
56
717
545
983
167
598
634
279
122
325
991
444
920
631
641
588
639
132
856
701
976
265
543
168
270
506
492
833
794
196
318
651
807
992
187
776
741
883
429
22
92
34
945
445
118
955
796
989
201
623
73
101
743
228
723
342
868
711
852
590
324
902
56
384
15
732
721
904
234
613
175
396
523
465
868
599
465
326
737
383
877
277
809
830
161
967
960
29
427
849
935
460
413
970
399
175
261
429
774
195
692
353
699
854
726
782
907
347
245
555
462
293
913
27
881
715
328
958
992
986
238
795
896
864
537
418
182
412
940
839
920
396
502
484
942
918
262
422
739
384
502
175
526
986
561
492
16
529
169
172
721
367
745
65
956
894
828
515
339
572
113
943
976
247
820
631
874
529
345
620
184
647
847
142
477
748
87
172
656
475
648
974
422
57
777
767
159
817
314
801
442
913
711
753
957
305
673
209
421
348
667
300
814
143
174
988
551
918
746
103
982
286
113
400
819
997
497
714
868
421
271
175
901
504
842
511
617
302
475
60
777
489
567
810
952
729
166
188
361
300
819
225
133
117
184
814
357
725
718
757
32
247
46
59
297
509
623
39
465
441
508
989
564
166
177
723
906
436
770
331
493
858
280
807
890
349
657
875
790
95
619
284
886
11
828
559
67
821
473
636
136
807
642
696
137
165
718
74
538
42
304
797
809
891
61
228
489
2
656
717
628
805
140
884
556
692
702
176
446
882
813
18
947
243
439
577
492
884
361
907
170
407
274
478
832
277
44
581
949
534
449
78
945
445
950
816
908
39
998
457
294
562
166
462
38
233
776
596
810
141
542
594
431
88
597
586
470
539
28
813
611
728
271
227
587
593
492
820
658
87
417
544
879
935
368
738
988
831
985
540
813
662
954
420
84
161
13
628
551
801
286
800
407
594
704
208
797
23
35
564
323
521
963
551
965
103
128
149
26
414
910
646
843
225
169
460
846
93
710
529
799
219
224
722
284
257
702
632
348
370
726
429
771
920
944
67
84
692
633
456
596
149
843
142
911
188
405
23
545
8
388
621
627
125
926
383
311
440
54
264
226
253
129
394
974
201
28
912
409
452
680
161
277
198
667
791
525
730
228
439
208
167
235
724
365
411
731
116
340
643
564
684
989
110
233
151
951
72
123
122
990
641
792
379
826
189
884
375
33
63
978
658
440
262
343
449
963
738
123
276
998
95
772
392
615
880
177
673
787
959
961
364
177
49
342
114
751
479
545
336
31
422
298
539
541
504
443
650
120
868
643
212
130
392
810
456
622
111
806
59
909
381
153
483
877
454
292
26
655
959
69
15
459
909
880
415
210
418
565
385
944
422
54
174
436
449
386
135
901
750
347
785
555
188
601
275
998
886
73
296
583
682
805
696
650
631
713
425
828
719
823
571
287
924
240
56
743
663
496
402
128
875
452
879
606
72
835
112
257
508
70
743
427
828
510
534
711
584
544
45
895
364
487
371
306
154
6
534
480
917
728
549
588
401
478
554
453
318
140
797
528
300
777
284
630
800
530
767
382
76
962
631
878
164
711
510
107
852
955
106
243
504
942
876
691
620
773
469
922
794
129
495
905
481
334
937
253
778
22
277
243
406
818
748
630
92
660
625
160
375
628
66
395
483
429
930
267
776
147
284
938
967
148
667
367
561
832
284
36
807
686
613
970
388
380
271
507
391
242
830
548
941
308
713
877
475
267
69
654
577
62
660
312
570
866
778
566
999
19
416
286
171
310
250
535
305
533
220
408
82
933
201
635
411
848
331
989
780
386
567
402
931
642
599
441
342
671
83
690
679
60
338
896
529
705
306
807
473
536
71
226
457
865
840
225
78
106
933
734
464
839
460
642
26
458
667
601
959
375
168
215
701
750
453
885
822
933
719
796
408
114
853
453
191
946
773
130
984
705
946
549
654
134
882
787
578
90
716
444
859
141
575
201
629
29
725
594
581
29
142
140
258
526
201
604
744
60
685
587
543
151
486
421
432
523
123
887
831
807
596
333
835
71
834
181
115
62
998
827
939
76
931
746
772
24
367
156
857
482
20
782
45
280
406
211
130
194
957
444
21
20
809
344
486
952
813
830
979
909
101
108
707
560
545
266
120
349
836
537
798
434
190
65
232
312
740
955
697
767
106
524
888
805
839
811
125
371
302
288
849
301
517
888
378
339
830
737
203
904
483
982
466
846
230
543
106
516
526
721
393
214
606
853
764
311
648
8
719
590
895
855
537
234
674
812
843
682
516
393
217
326
104
616
81
916
673
732
217
712
256
856
269
267
207
42
894
526
346
796
358
291
365
447
343
552
672
635
811
681
256
304
998
378
727
522
728
334
219
469
15
566
980
621
978
841
79
143
384
876
952
514
806
575
332
780
615
644
460
203
333
484
469
824
686
592
293
689
411
25
216
868
442
676
776
323
251
470
427
753
559
839
502
15
172
886
120
35
181
130
801
429
46
687
889
575
702
533
933
521
277
785
52
327
997
790
967
191
229
340
551
434
607
843
145
767
659
532
620
286
37
124
99
936
874
62
694
592
856
804
451
702
171
482
242
552
515
687
358
45
347
936
735
176
557
123
332
925
208
141
285
899
963
32
15
94
20
685
513
240
17
794
164
571
464
936
487
61
658
331
928
409
666
343
646
798
899
59
187
886
383
5
831
981
284
266
176
20
496
512
718
409
262
346
530
21
401
767
423
113
525
215
889
606
333
203
985
224
670
40
82
214
979
416
366
912
258
845
738
37
403
834
601
777
985
576
499
847
777
386
582
168
208
774
37
816
265
289
220
890
587
693
798
584
528
889
878
825
730
277
153
678
689
353
645
938
688
913
459
918
133
199
327
375
358
197
688
469
609
317
755
56
100
239
666
569
284
270
610
266
593
23
858
507
13
423
639
10
829
689
677
38
576
184
903
336
285
119
743
663
650
595
946
975
807
321
170
324
392
833
927
705
209
774
688
479
852
457
699
164
358
898
108
907
175
859
498
393
640
232
149
155
679
286
492
609
550
903
67
823
258
680
881
680
767
375
271
831
889
780
541
812
253
106
751
552
630
914
956
53
3
149
383
780
901
732
974
380
103
54
72
340
390
197
676
333
424
21
980
207
1
946
736
487
448
93
951
801
808
66
41
232
930
49
920
807
176
680
524
459
948
273
309
135
319
389
203
283
838
877
562
795
287
448
554
719
409
310
266
212
265
159
276
774
897
177
300
656
923
461
642
162
363
989
975
797
586
572
107
351
743
785
149
222
696
530
205
266
158
9
683
291
686
309
58
411
188
824
15
138
978
248
35
525
415
725
280
314
330
62
753
51
605
456
425
460
527
220
437
923
130
771
686
811
843
416
327
540
199
403
933
602
18
438
12
920
723
677
686
458
892
215
182
452
382
163
579
619
457
993
832
445
992
999
224
7
531
252
823
323
686
116
419
524
7
169
249
928
213
706
932
176
724
587
873
751
308
504
470
317
513
487
201
359
606
817
444
812
731
677
773
430
965
370
764
131
492
326
758
288
144
639
303
961
420
445
420
559
373
555
118
894
388
8
227
922
767
694
462
678
742
839
983
96
112
366
485
124
462
673
879
940
727
105
634
41
899
515
596
560
996
783
520
332
406
394
211
171
911
354
899
432
544
925
607
357
820
502
224
299
696
118
119
384
80
603
17
899
803
959
469
822
276
664
431
984
306
143
572
287
305
415
317
79
615
125
313
129
251
654
3
99
439
113
131
888
702
9
784
268
704
951
891
237
99
51
479
513
612
124
292
681
443
492
154
575
4
785
427
289
202
497
466
721
806
181
71
720
589
656
596
743
127
941
810
970
916
299
836
217
889
502
461
484
920
730
774
955
190
614
399
599
205
75
79
609
162
584
743
524
41
436
400
521
828
998
949
864
627
796
627
845
45
175
68
559
572
447
195
32
351
248
211
569
344
865
152
38
46
460
646
73
878
311
664
630
730
607
553
730
731
899
543
121
283
148
765
211
43
335
415
498
827
507
504
410
368
270
616
557
607
55
50
50
168
727
905
241
990
234
906
190
506
803
548
376
231
57
940
141
369
756
581
540
727
203
61
966
399
614
51
697
232
531
93
675
67
368
654
520
899
899
211
871
227
809
790
439
478
33
588
858
826
789
578
35
694
860
485
169
355
678
886
8
206
462
548
416
355
757
779
676
917
976
10
202
362
296
898
274
340
562
843
20
314
531
57
914
309
522
395
871
70
970
948
948
285
90
906
613
788
210
668
212
250
340
81
929
443
333
427
580
332
543
75
441
245
220
470
447
760
417
76
669
557
244
729
457
464
12
549
415
258
92
286
178
307
587
813
642
626
627
566
442
523
531
752
772
911
908
717
228
626
172
980
822
85
114
410
444
483
832
815
32
361
902
148
515
255
64
834
423
43
830
173
751
180
244
72
905
524
293
386
677
807
889
391
389
848
792
241
129
779
514
453
622
69
132
650
410
31
265
219
750
490
59
966
752
468
940
621
893
216
182
850
711
860
890
240
816
300
441
932
476
860
357
154
468
162
899
20
140
386
88
22
578
907
245
612
529
383
256
468
42
823
680
712
862
957
613
28
507
363
905
263
72
425
151
284
790
172
695
143
173
218
762
501
968
250
168
268
726
567
196
761
182
278
25
873
222
237
652
415
720
179
229
828
42
39
635
101
280
384
618
134
808
875
524
900
602
691
377
97
930
299
884
736
155
431
853
368
482
153
4
45
756
975
480
481
517
361
988
842
782
880
323
198
786
226
120
113
789
674
860
215
402
885
404
549
967
839
798
697
559
316
521
746
756
650
959
489
142
283
728
687
349
521
435
881
615
330
723
703
174
243
588
154
337
825
400
91
269
627
435
520
904
802
391
833
83
306
837
449
969
979
161
360
87
208
104
669
34
424
201
593
1000
227
589
639
492
204
540
279
962
957
293
193
106
737
58
807
380
890
814
212
497
978
84
264
386
367
669
917
496
24
909
340
311
692
651
512
863
434
612
861
912
698
170
969
417
498
646
728
621
974
335
862
276
743
613
772
225
435
399
70
373
173
493
252
703
907
851
644
670
230
427
456
253
527
222
683
681
396
934
519
306
705
931
523
659
148
736
528
216
265
409
442
532
628
556
500
84
332
121
148
100
940
63
118
91
982
692
276
245
481
784
10
469
481
15
47
597
165
521
312
140
763
888
7
754
424
933
785
675
4
232
294
301
753
794
121
96
373
376
926
346
717
814
251
492
961
614
239
740
407
468
920
447
575
375
561
347
677
838
824
494
949
468
21
543
665
129
574
311
758
71
375
51
181
182
223
953
989
92
70
5
213
389
251
23
287
122
594
362
936
121
906
683
757
121
29
860
975
185
256
676
655
756
378
29
244
554
762
402
265
166
321
867
12
783
766
390
217
566
736
68
893
835
878
125
822
620
299
929
376
452
37
76
706
763
532
596
863
295
872
114
921
367
155
867
112
112
205
346
239
990
62
852
407
673
479
200
285
537
177
185
847
375
703
721
781
737
176
219
906
498
780
117
33
580
640
385
580
954
212
150
847
895
513
256
3
109
456
840
815
523
382
537
977
742
131
729
330
522
426
191
640
757
803
504
21
600
796
32
628
139
926
751
788
204
291
617
452
668
510
602
374
718
139
13
681
812
629
495
583
784
398
756
261
204
361
61
649
543
123
21
69
869
240
311
633
769
258
150
295
186
429
208
24
903
134
888
220
799
337
670
295
33
633
998
935
157
970
194
81
94
122
684
403
61
966
251
44
587
10
201
208
362
576
56
280
769
834
175
854
674
378
181
221
201
878
1000
703
979
105
49
593
248
644
728
625
791
964
424
904
197
357
15
378
850
165
133
633
360
139
630
681
144
717
189
319
547
129
6
731
82
859
752
173
842
182
350
244
951
238
249
96
684
89
444
601
277
934
603
41
673
301
544
940
255
710
403
664
499
158
502
527
957
876
434
241
279
986
970
31
497
935
946
450
731
777
507
34
510
912
750
331
551
461
114
481
801
249
444
636
334
114
50
862
418
968
724
201
692
70
231
503
481
372
727
489
871
570
313
664
971
118
458
706
279
974
351
300
611
474
435
175
87
608
294
901
275
307
976
466
652
558
330
431
155
609
660
649
322
734
953
272
662
686
476
44
100
725
701
898
514
724
771
116
251
525
720
671
693
704
428
310
611
100
143
84
26
994
326
430
195
835
224
334
660
586
270
524
971
508
70
39
944
132
243
729
813
907
682
577
220
932
218
202
358
590
89
553
524
370
144
236
571
845
786
709
81
887
782
294
774
993
510
862
706
438
548
201
913
32
144
182
437
795
264
258
976
751
205
291
315
199
253
95
960
110
163
50
929
377
7
341
236
231
907
412
132
390
819
512
420
447
167
515
986
521
481
931
693
619
894
309
885
931
307
715
814
204
758
976
112
956
181
935
702
27
958
684
113
143
669
554
841
845
83
644
279
906
449
7
122
311
721
124
116
763
461
12
336
162
359
859
354
395
332
623
515
392
398
202
111
62
756
859
677
476
312
884
938
201
61
364
682
862
514
604
893
882
744
142
898
716
844
801
35
163
9
745
484
98
629
188
625
687
182
759
755
418
641
519
86
627
31
916
994
60
693
488
892
446
862
541
577
919
239
603
742
136
262
321
535
485
840
419
586
174
750
690
951
491
131
506
495
36
101
861
469
870
445
588
389
809
37
821
984
758
877
424
881
150
641
43
287
958
227
102
384
607
648
505
246
137
722
97
640
271
802
801
984
678
111
717
428
968
327
378
995
53
89
953
398
497
69
475
801
32
705
847
525
245
648
222
811
498
593
983
383
498
618
534
918
82
78
703
837
71
986
856
367
865
680
853
571
780
862
341
320
479
143
178
862
589
243
214
899
849
565
416
190
631
249
718
51
606
408
669
659
489
897
619
416
716
14
606
370
84
928
149
881
319
192
156
47
323
484
165
185
475
377
961
818
219
139
783
884
660
726
867
140
147
96
24
584
684
878
568
960
669
384
903
863
557
121
704
436
779
350
887
433
370
899
350
423
946
884
139
628
682
223
367
419
169
788
977
966
5
133
200
945
35
424
559
238
116
822
931
41
688
991
377
672
268
900
138
57
471
313
40
344
155
133
586
723
135
919
203
763
137
263
489
97
401
910
162
859
872
595
337
874
583
786
669
409
901
779
58
76
896
317
505
27
572
325
858
737
713
127
779
709
166
823
96
76
908
133
538
345
534
515
717
987
412
524
528
641
175
954
761
692
615
20
721
377
224
618
315
113
322
423
19
71
487
906
561
94
584
425
804
181
617
634
603
200
339
159
511
787
1000
918
836
381
41
866
334
815
635
201
505
880
456
251
64
966
241
924
711
699
385
6
188
522
565
710
512
988
296
984
580
363
315
554
990
731
585
99
795
584
417
598
94
496
213
455
447
317
31
520
895
967
650
320
367
340
78
113
560
301
998
380
565
102
124
164
452
961
933
107
252
49
174
861
897
62
845
447
890
657
93
211
764
629
929
371
119
392
769
568
294
829
842
678
572
232
384
405
874
421
279
47
909
189
479
425
36
581
870
992
687
685
343
393
826
626
272
28
89
873
841
774
6
617
320
498
79
667
186
244
170
49
732
202
218
120
839
894
971
899
186
188
64
613
226
133
903
411
956
198
570
844
986
208
38
125
20
12
384
421
558
867
107
42
512
159
486
575
203
674
835
523
118
777
539
918
792
868
940
138
801
861
92
988
657
162
727
574
738
625
149
810
857
663
503
557
902
428
79
813
638
103
215
824
54
994
682
987
992
753
663
740
434
269
637
253
257
495
656
502
173
171
536
229
718
651
314
372
172
460
680
327
308
162
140
368
118
987
451
65
667
458
244
645
452
818
55
364
710
684
882
442
258
648
847
842
305
436
225
60
244
932
685
88
217
790
438
893
273
488
521
91
879
961
975
377
819
920
56
324
596
101
12
325
493
698
588
670
174
614
632
241
819
670
234
532
713
296
424
444
685
101
423
893
399
146
18
804
867
308
810
682
960
309
72
301
969
391
557
996
378
52
138
454
765
432
852
200
1
804
967
26
340
495
507
332
247
642
996
210
128
689
659
841
445
57
218
765
516
995
357
585
127
571
628
473
197
197
725
999
4
733
638
289
986
97
880
219
628
29
519
479
229
130
253
541
991
693
847
376
416
744
816
399
460
87
313
821
240
145
706
366
703
304
185
454
981
511
641
823
440
367
687
934
455
333
38
275
323
108
178
884
714
19
841
5
162
971
950
381
66
800
839
680
172
201
854
613
447
733
692
331
954
795
1
701
242
262
169
223
180
867
304
171
870
697
230
541
183
284
734
735
911
670
776
1
281
147
854
617
110
31
532
196
347
326
232
182
466
143
121
771
102
270
117
226
519
21
970
547
174
886
70
61
187
943
793
118
202
571
96
296
915
977
581
548
713
835
953
190
130
773
148
725
13
784
180
277
939
946
89
771
403
700
609
772
513
384
863
267
225
660
877
549
501
495
251
738
335
599
432
898
792
597
309
225
134
118
593
849
92
358
295
602
155
803
164
825
382
284
436
106
396
916
916
939
391
470
74
935
665
846
536
844
86
794
704
706
676
476
801
40
607
757
160
948
145
311
594
998
854
854
357
833
742
149
799
296
628
145
694
977
691
628
598
177
993
144
633
388
995
525
448
318
463
409
616
91
833
443
976
968
293
900
895
788
379
107
882
974
665
12
563
164
890
228
341
77
444
139
659
692
63
830
65
241
426
88
771
54
343
924
577
531
671
706
420
142
864
715
394
18
106
379
501
995
681
187
770
468
837
279
308
533
141
418
753
628
834
916
149
646
336
134
874
26
263
962
97
899
656
993
90
392
930
666
200
514
5
748
712
81
14
913
87
491
80
927
267
835
676
987
138
17
23
724
727
619
970
561
347
512
407
425
879
701
407
198
352
238
512
92
787
994
732
963
72
323
885
638
580
961
892
312
382
483
8
395
243
721
676
484
948
808
82
118
829
35
243
665
129
858
528
175
273
106
666
555
171
289
422
582
551
507
85
135
621
622
512
838
450
327
176
86
162
704
659
5
847
662
779
89
711
602
864
408
740
316
774
412
20
63
817
929
721
782
285
60
659
1
250
139
657
35
908
355
727
411
544
537
209
140
955
689
446
835
573
356
184
182
842
618
375
876
513
860
917
292
54
468
116
925
386
931
620
135
834
695
49
21
869
536
593
856
486
829
890
73
34
511
450
802
171
745
600
281
259
970
40
538
357
338
269
592
804
485
454
688
543
86
386
107
372
251
64
461
353
945
128
70
147
436
381
821
373
693
780
164
410
497
141
548
13
897
600
862
973
483
652
506
391
829
344
640
939
217
820
793
905
657
378
385
692
936
454
139
300
251
685
208
562
138
905
814
612
847
442
418
424
26
785
337
557
606
126
520
781
196
993
694
567
922
941
411
258
759
361
680
515
957
16
706
503
236
960
156
772
351
695
432
417
150
666
553
615
487
919
832
207
105
146
18
882
254
669
434
392
860
665
40
360
857
497
597
734
65
533
858
458
846
676
980
685
930
306
926
895
835
457
652
812
907
140
711
733
403
663
321
746
500
2
79
429
682
244
678
657
374
164
619
290
782
931
780
599
387
278
428
258
326
407
287
16
831
386
322
11
684
773
61
612
419
465
41
662
980
694
856
863
278
834
21
551
668
962
377
123
620
57
7
883
4
125
69
543
985
769
463
721
229
813
1
859
212
770
81
553
492
97
111
441
622
611
379
311
917
187
257
133
874
640
978
704
962
463
282
205
868
477
522
866
843
569
394
90
124
312
213
944
356
522
560
269
882
178
296
124
876
115
455
282
353
734
619
99
650
824
531
559
878
808
799
484
600
639
363
261
519
63
599
912
810
590
574
974
181
196
497
907
853
239
976
469
260
816
204
697
58
814
652
216
240
585
666
753
986
193
104
577
304
893
492
997
825
839
654
808
317
228
986
392
12
297
887
266
536
930
491
734
925
4
768
805
225
306
134
606
659
789
102
489
780
539
297
795
292
242
411
152
75
983
503
990
982
215
752
949
521
182
978
517
991
942
131
809
147
319
929
415
353
757
872
217
343
608
328
453
337
220
137
88
326
472
829
762
333
460
96
19
667
691
982
44
652
816
865
1000
170
797
501
824
863
711
667
429
428
101
462
457
636
111
5
207
48
948
85
625
295
315
19
495
825
683
195
885
760
710
383
638
500
552
888
660
410
965
170
258
536
201
71
777
455
321
443
6
133
534
374
716
222
986
915
998
527
883
165
357
55
684
873
79
123
235
284
49
852
205
153
251
102
877
143
921
352
380
493
107
427
99
571
362
952
908
815
490
659
462
560
719
998
574
290
744
131
802
758
193
106
770
253
716
675
472
450
39
697
462
593
489
236
878
344
189
209
484
632
273
655
920
647
121
512
432
774
492
298
883
498
65
937
944
337
58
699
444
195
749
344
922
499
52
788
284
800
843
59
608
412
934
687
238
208
405
481
926
738
712
98
943
436
116
540
698
66
208
322
677
248
385
696
347
166
448
105
649
481
686
555
379
62
142
657
604
422
904
341
29
857
110
7
772
760
783
799
902
859
994
91
88
835
365
101
823
430
586
109
432
613
490
294
609
371
156
239
61
428
78
776
535
791
628
415
758
154
239
390
335
409
140
155
713
842
869
188
49
160
757
860
197
81
429
991
637
294
236
853
734
567
267
975
241
161
998
564
72
574
710
149
705
726
427
53
339
975
407
207
604
631
678
139
349
65
49
977
581
860
194
337
970
644
178
580
119
602
70
890
767
751
752
753
880
17
74
830
154
351
565
636
734
191
319
38
396
321
539
938
188
120
419
829
766
221
120
93
502
727
498
206
663
587
963
253
528
267
877
106
811
839
828
6
34
853
246
793
973
389
47
526
126
478
634
477
110
775
745
485
560
107
885
276
258
212
713
460
157
610
625
453
450
113
464
585
124
948
278
495
692
369
937
959
823
307
75
839
196
806
945
504
386
219
883
832
31
1000
735
764
971
514
616
562
970
473
773
585
816
289
828
693
398
921
860
579
259
346
458
669
623
638
203
194
537
114
409
37
48
1
841
680
886
742
464
662
840
245
462
978
858
391
563
703
247
481
822
972
142
504
716
835
801
179
565
455
711
644
562
336
433
700
731
429
138
682
237
244
391
304
792
24
525
219
927
976
658
996
1
688
980
160
116
790
294
128
593
764
489
470
314
565
983
181
232
357
275
315
641
521
836
6
735
928
311
736
508
69
868
232
105
706
169
742
206
106
787
35
244
395
132
507
846
575
502
144
389
390
629
324
962
713
698
2
903
93
883
106
447
777
520
351
4
678
937
103
495
515
212
206
305
994
562
31
352
883
769
929
926
506
820
17
812
839
798
882
251
506
901
294
395
113
211
255
476
448
585
814
842
124
268
471
526
52
417
351
798
532
636
908
615
767
500
687
449
160
3
272
89
725
458
831
276
801
201
250
598
45
115
672
811
378
695
144
309
141
36
895
492
631
756
716
203
312
665
666
975
176
294
305
323
394
724
521
782
317
948
181
894
784
812
248
102
305
587
678
563
481
518
977
716
400
437
207
768
441
376
692
625
754
722
250
662
603
816
665
486
40
171
244
712
548
376
522
816
636
617
742
708
189
613
4
668
891
538
55
920
895
579
756
939
339
612
445
237
142
570
627
223
63
496
203
887
351
428
915
500
736
151
922
835
155
427
329
503
627
920
570
920
396
991
763
498
63
136
111
702
341
294
513
501
53
159
238
169
492
34
118
158
104
265
751
733
385
918
798
802
805
914
210
923
46
840
631
177
921
185
924
339
998
560
554
181
719
301
953
872
168
663
368
859
465
402
760
599
242
313
479
32
876
477
772
967
440
723
387
396
926
323
239
945
4
140
231
418
681
486
423
113
29
456
292
653
895
543
211
186
338
552
294
429
173
716
412
382
822
394
916
167
970
275
846
484
995
927
766
104
55
45
534
567
264
103
495
43
294
8745
116
203
429
629
254
282
581
140
508
798
765
724
955
13
783
944
309
420
47
767
699
227
996
36
422
464
343
670
865
179
990
81
899
699
547
24
873
316
836
140
488
398
560
990
856
211
431
645
636
748
352
301
117
1000
688
788
510
819
550
370
955
159
356
292
843
697
791
565
260
594
191
226
669
896
362
880
895
137
324
637
820
420
241
255
970
364
154
389
521
609
862
472
127
900
64
549
758
247
350
58
179
344
873
426
895
448
672
207
490
587
288
363
611
926
615
131
756
224
662
537
258
711
491
132
515
792
94
126
392
275
868
506
66
48
111
104
921
10
719
366
599
78
985
404
906
767
773
732
489
738
494
101
334
993
915
315
961
671
154
900
918
7
660
585
605
977
316
839
575
801
544
937
152
165
474
388
320
436
481
870
275
566
168
540
264
267
480
383
783
212
473
338
444
496
900
43
88
500
380
507
302
11
354
180
131
189
816
102
518
455
797
205
896
295
559
219
973
745
535
910
664
363
494
421
813
698
734
724
887
199
35
866
26
818
880
507
330
193
21
95
347
837
390
270
754
153
895
134
824
487
844
18
639
921
357
905
205
585
487
225
934
926
157
406
158
659
245
386
947
509
631
290
305
890
984
499
991
592
237
288
62
297
59
17
442
681
915
865
137
449
906
524
385
724
951
179
222
570
206
798
913
982
402
389
284
961
678
986
913
162
468
190
371
907
239
551
580
624
659
642
149
198
157
195
348
341
724
191
327
12
703
546
640
392
912
577
369
776
830
886
238
840
256
476
657
664
373
814
961
249
945
544
172
715
786
641
315
429
433
700
141
531
915
825
867
221
231
85
299
946
802
251
240
128
454
877
495
510
1
107
476
832
538
230
899
918
438
154
138
634
688
262
715
147
688
465
144
739
962
987
239
186
95
925
237
837
945
206
783
695
431
339
555
370
576
633
997
705
373
466
5
181
311
515
446
282
272
310
370
494
589
560
265
413
825
696
456
580
637
275
589
904
115
864
841
666
385
557
735
722
251
766
185
548
810
396
841
459
568
570
549
105
93
887
452
376
395
625
53
832
958
703
230
117
264
744
194
588
241
37
636
659
611
336
248
794
459
824
185
442
795
26
957
600
493
310
740
981
466
387
759
117
793
495
454
58
627
518
2
285
794
158
9
481
914
942
415
396
736
505
529
554
607
307
998
399
793
830
342
865
410
865
268
288
217
558
160
907
912
159
573
161
346
980
41
208
796
75
731
325
332
740
710
137
38
200
644
956
150
70
278
80
415
929
823
165
786
290
57
540
850
485
895
106
716
386
881
660
661
835
470
866
947
477
452
369
549
101
506
872
495
8
455
598
893
214
380
622
512
452
724
273
79
814
660
255
485
989
172
185
600
730
917
917
426
647
790
103
440
86
143
849
552
849
582
527
255
925
919
41
984
587
557
894
305
660
768
873
664
785
447
403
707
628
613
853
668
463
584
543
227
639
44
994
325
212
214
87
515
288
436
146
157
489
658
494
181
85
799
894
145
553
46
341
600
702
248
507
885
584
407
693
281
188
806
608
851
630
988
761
250
901
383
76
12
923
60
647
983
388
797
882
580
970
4
533
51
523
516
558
634
896
166
61
727
242
281
502
829
59
99
395
995
150
548
571
527
37
266
971
122
93
838
927
333
392
341
446
178
486
251
903
837
25
699
851
361
556
721
273
239
118
800
111
393
697
159
204
44
914
701
456
580
692
558
340
921
886
166
931
728
997
643
732
588
247
447
451
419
30
90
867
61
292
550
811
367
329
652
130
182
351
836
704
223
566
761
906
171
585
331
473
232
795
918
720
235
487
928
185
128
692
776
51
332
377
538
449
770
466
903
314
146
991
873
752
528
125
931
711
464
860
87
117
663
157
618
896
116
869
762
952
646
762
767
571
135
424
911
6
390
505
716
255
883
591
856
108
763
671
937
119
747
372
15
529
840
69
233
767
605
493
896
414
887
212
284
815
339
694
858
166
735
288
943
261
333
571
598
952
51
527
637
549
96
685
454
282
161
689
377
170
313
282
751
837
688
239
465
227
378
751
215
589
232
645
748
929
940
103
958
616
549
297
924
349
123
995
761
212
556
67
781
972
365
240
794
138
452
989
571
268
914
398
273
175
798
939
855
390
85
910
469
280
373
937
667
772
448
553
643
107
942
569
417
313
556
837
614
754
761
556
535
854
758
688
652
272
469
574
941
489
946
420
551
131
823
412
196
85
668
780
969
10
843
558
448
942
154
851
734
295
73
575
375
731
451
953
189
4
921
386
360
133
530
335
255
207
303
292
348
212
626
903
838
23
95
607
8
382
883
535
855
926
265
34
729
761
923
556
424
62
830
579
613
390
766
729
234
342
352
223
528
454
999
455
999
549
541
438
452
606
27
812
132
395
669
578
663
484
164
430
216
564
231
86
313
297
540
39
11
46
615
808
250
70
957
184
655
799
643
913
736
537
295
807
66
266
16
649
126
647
450
627
498
312
721
397
718
649
31
580
126
297
920
307
840
905
74
62
195
747
187
298
328
707
98
44
356
270
576
909
443
966
503
950
969
480
600
246
777
787
387
133
105
860
55
740
420
394
842
932
735
979
266
623
536
633
369
510
87
453
503
136
513
662
649
252
169
862
560
460
959
378
957
934
885
411
487
351
356
614
671
438
694
652
947
907
76
918
367
930
47
434
610
576
523
650
411
273
200
975
372
595
602
474
959
562
617
346
950
113
115
655
383
298
596
994
803
658
999
503
320
532
671
872
700
952
71
679
994
680
759
431
713
351
232
48
16
350
318
53
558
997
676
748
301
554
30
17
63
712
567
807
592
447
827
940
43
276
87
768
913
358
189
378
227
637
499
95
1
686
75
456
388
246
269
350
709
715
56
373
744
394
888
962
147
664
465
163
153
441
233
889
860
246
644
292
6
471
161
500
928
613
577
375
811
810
816
644
804
984
661
362
13
851
980
829
134
723
154
983
379
841
280
655
607
134
640
241
30
779
908
538
96
16
791
509
9
900
883
399
837
486
905
436
497
414
720
676
172
387
204
685
965
378
367
190
662
888
366
965
486
372
66
141
509
931
191
888
56
361
49
893
148
305
394
22
487
9
616
769
58
45
907
873
562
359
12
360
910
640
545
259
107
414
254
266
379
329
717
642
597
331
542
33
109
684
801
974
220
655
56
690
706
509
818
247
408
964
634
603
834
987
662
233
513
597
619
372
783
847
542
249
924
552
414
752
901
748
197
38
556
429
572
907
794
542
6
459
929
261
317
51
543
861
961
921
92
333
223
840
108
577
254
39
752
370
212
909
479
269
119
716
458
277
856
71
118
69
146
392
34
542
553
195
783
474
285
664
591
547
45
961
359
914
616
177
702
687
790
349
800
418
398
82
340
237
33
930
184
718
179
340
239
804
682
911
592
45
398
955
320
817
257
108
842
63
336
963
67
954
831
171
290
48
723
941
500
391
753
905
214
972
868
250
51
9
91
371
342
194
201
988
633
789
302
996
419
428
707
657
856
168
235
915
339
475
613
57
247
457
349
983
147
604
810
757
155
331
874
317
67
119
722
744
383
690
946
901
485
940
13
759
508
211
446
850
270
382
942
10
537
646
770
872
651
658
104
402
75
821
946
510
605
78
652
955
77
340
296
380
869
924
697
329
330
80
524
875
984
174
234
20
109
42
330
697
955
473
827
278
343
635
215
204
895
428
364
713
521
879
108
52
998
615
764
59
773
980
865
587
491
262
510
563
144
186
418
22
30
502
759
507
979
522
917
194
149
148
117
77
165
616
50
369
500
91
177
976
706
186
313
197
117
932
69
547
7
648
87
473
136
516
319
158
234
396
57
533
892
27
748
805
238
537
894
616
611
609
845
310
253
430
272
317
890
602
76
575
971
818
59
160
126
17
647
987
353
815
253
368
455
45
548
372
936
832
740
132
16
496
603
279
817
164
562
656
188
76
303
125
523
787
740
279
106
678
708
318
244
13
694
664
698
893
330
45
574
536
96
418
958
842
488
105
859
936
812
465
401
23
561
567
449
335
412
809
570
482
74
938
351
140
608
583
890
920
921
677
733
429
582
517
617
156
599
886
136
239
520
13
780
495
183
347
99
130
553
402
66
863
140
413
14
519
23
404
161
394
550
953
250
115
138
338
869
722
365
939
114
931
323
455
602
736
948
299
843
560
38
471
500
618
375
482
212
50
159
441
661
543
828
763
30
646
800
436
255
959
933
636
965
842
561
859
877
621
932
532
997
189
54
595
342
942
534
340
502
290
461
914
98
674
992
520
1000
739
444
791
386
847
20
13
791
15
990
726
371
795
765
450
543
550
375
355
819
280
374
953
280
17
795
67
626
607
262
876
994
421
690
808
98
648
998
458
602
414
167
211
224
733
968
41
355
798
52
74
464
436
34
891
349
781
646
873
963
596
161
451
306
327
367
490
916
332
510
759
595
867
718
423
414
800
588
141
998
409
456
172
968
774
399
375
411
689
995
864
64
611
789
377
898
191
653
362
147
72
904
823
998
3
120
125
651
936
154
426
564
499
929
654
791
401
296
969
852
417
372
562
270
656
519
962
198
49
969
691
531
975
841
576
278
888
954
290
338
41
217
435
425
368
418
387
953
666
914
181
461
817
550
622
664
505
347
409
212
271
543
217
633
638
197
708
449
720
366
632
319
934
914
862
736
372
431
280
298
876
816
479
146
445
166
149
898
807
148
956
574
854
484
241
543
353
959
777
729
342
778
478
703
308
596
981
559
780
627
136
407
924
415
859
222
337
974
93
176
281
55
61
377
475
826
102
811
851
772
281
491
630
88
69
165
70
537
182
672
842
188
871
35
950
338
717
303
706
748
57
279
729
143
537
657
857
327
837
329
634
7
553
379
412
958
860
277
865
109
155
247
612
485
2
91
853
126
736
975
827
986
934
817
804
73
213
594
316
45
409
75
479
5
685
300
84
926
836
20
41
53
481
146
565
626
436
490
790
655
26
747
312
734
671
885
590
504
771
600
800
265
766
487
729
321
97
355
875
918
827
613
793
733
412
787
25
319
58
660
813
184
269
710
405
507
745
452
922
649
112
654
513
504
993
440
562
256
905
820
916
753
308
236
110
312
216
759
285
368
391
813
773
541
775
118
534
324
823
644
549
119
664
825
91
316
173
322
286
685
633
123
682
506
76
421
484
802
609
466
691
305
871
513
331
395
242
509
15
559
134
872
67
151
511
149
955
971
647
666
275
525
21
340
115
951
718
925
887
440
803
640
377
318
495
69
395
734
131
568
421
423
80
788
175
364
345
989
212
496
682
347
723
795
120
162
106
251
767
327
106
286
586
597
842
651
370
628
832
953
934
179
859
791
748
749
358
475
9
295
385
478
835
569
242
372
248
795
204
609
538
463
177
391
777
116
289
485
701
283
279
41
215
506
452
557
411
205
587
319
389
909
216
131
188
473
630
284
815
672
147
599
299
473
570
192
606
770
117
934
323
932
444
129
442
216
790
260
699
147
859
477
719
908
301
90
524
838
929
749
371
112
565
144
887
850
479
932
868
355
911
235
265
157
154
790
699
898
925
120
592
464
642
137
357
695
26
438
956
396
447
62
334
134
204
944
889
989
580
552
62
474
732
104
673
258
142
291
374
860
283
773
125
242
564
38
377
644
348
45
210
943
886
153
957
397
510
851
741
390
7
607
89
453
425
113
362
597
388
61
782
10
893
519
990
988
604
544
1000
509
400
714
586
372
879
523
556
186
310
741
872
826
722
302
849
822
856
59
605
948
679
943
641
287
704
385
488
10
583
372
534
967
49
945
223
190
265
927
967
449
681
762
222
284
121
960
586
898
375
400
81
10
196
774
377
472
327
185
614
144
856
630
976
166
291
677
229
553
798
1
458
422
625
710
458
104
329
258
192
933
305
117
647
635
311
805
684
193
990
738
908
235
844
625
959
454
482
364
161
265
835
182
681
772
579
373
568
722
774
376
903
946
123
159
565
4
651
985
444
198
929
904
903
710
287
466
466
66
162
897
198
459
596
562
376
328
492
483
148
367
460
300
195
950
743
360
262
616
493
734
790
51
860
671
50
150
460
596
836
935
423
920
841
946
372
688
2
270
263
564
955
658
462
365
296
93
546
382
479
699
8
447
406
627
707
700
66
781
640
476
537
625
758
365
188
787
744
173
237
906
816
220
377
159
177
341
433
491
793
339
779
562
193
624
792
275
19
977
514
81
711
325
636
980
858
4
798
880
203
612
451
672
587
319
1
483
441
585
236
684
383
749
271
767
948
486
424
55
327
283
991
357
725
236
875
436
895
873
769
239
731
426
889
547
236
785
751
401
401
276
91
187
528
998
750
312
301
157
802
307
83
654
956
974
773
180
368
212
345
784
409
819
73
178
588
512
128
62
639
509
614
410
548
262
880
4
164
865
671
40
466
875
315
766
405
727
827
258
560
817
404
933
834
33
796
889
46
419
329
594
862
139
779
776
377
14
699
337
574
116
871
523
547
898
659
23
7
44
877
969
104
319
244
300
977
524
510
995
588
32
901
498
624
232
222
962
975
946
534
835
7
87
664
652
163
613
15
694
317
985
805
22
690
393
806
977
514
88
692
539
658
466
367
264
656
455
896
771
74
309
347
325
460
893
7
348
228
720
804
917
459
939
327
853
51
85
76
345
919
225
569
477
788
927
459
825
114
988
496
616
606
962
456
186
328
635
680
90
763
703
788
817
942
541
377
641
23
989
76
990
503
60
946
398
925
433
581
818
115
36
24
652
951
158
912
736
335
764
527
647
269
181
685
615
122
459
725
390
721
742
161
197
27
595
619
706
787
124
138
165
350
282
229
556
561
245
639
850
358
148
271
114
52
47
82
305
729
345
631
841
783
564
87
698
145
469
744
388
89
926
100
87
103
906
210
99
615
467
721
131
336
967
532
108
813
801
695
100
474
300
157
166
716
66
99
754
884
147
316
728
522
361
921
133
475
432
309
942
591
387
498
305
969
137
292
916
236
911
104
805
110
799
609
88
371
638
311
271
185
35
659
251
780
915
796
577
581
769
799
296
915
2
815
631
78
327
385
340
540
613
642
286
643
598
303
364
770
498
993
606
252
968
563
129
729
485
921
793
682
912
703
510
593
420
611
897
875
148
912
768
635
14
832
13
293
990
868
573
395
459
971
332
839
150
126
413
174
670
44
335
269
377
751
284
563
989
17
603
195
997
508
973
988
7
853
388
238
738
396
272
307
876
699
699
712
2
257
268
7
505
713
817
507
225
524
453
678
993
79
89
274
717
994
639
42
596
743
265
189
422
195
104
559
195
684
889
203
334
639
137
224
145
285
217
335
642
633
701
6
91
289
431
909
96
238
977
299
849
729
679
259
886
500
274
777
34
987
712
418
905
181
321
757
715
643
205
445
122
891
841
568
272
505
169
47
706
931
959
697
337
655
689
142
839
212
89
518
926
434
526
908
772
47
671
986
35
14
952
290
69
414
21
989
12
508
915
452
927
46
342
314
17
374
629
642
868
759
994
321
243
495
765
378
149
816
48
307
925
332
325
185
957
413
796
188
595
823
625
521
444
147
66
712
245
688
862
921
721
40
192
240
717
276
43
114
759
877
359
675
276
280
98
742
208
277
355
784
472
821
215
577
92
677
278
792
937
323
839
346
819
684
648
830
799
775
162
968
166
706
249
784
757
815
346
990
17
634
269
133
601
394
785
729
828
513
199
518
753
274
486
622
693
438
437
95
78
955
936
823
950
858
74
876
340
739
937
876
861
351
214
38
872
778
835
36
638
435
608
382
536
1
118
835
347
931
68
302
182
428
328
43
812
610
117
69
53
922
914
109
351
281
740
489
706
721
258
462
984
918
61
932
75
892
987
189
729
103
745
624
219
671
861
153
43
774
502
309
555
918
491
380
595
236
608
424
90
563
984
268
886
791
548
315
414
975
473
231
12
174
879
962
872
670
77
388
688
937
810
433
292
181
415
630
445
595
233
120
302
13
98
650
314
562
351
665
541
607
491
493
151
523
914
166
387
927
179
480
197
344
405
621
874
914
354
342
234
963
456
13
440
74
436
410
162
610
226
904
571
238
663
316
902
995
103
745
390
236
267
778
536
606
338
77
578
738
360
120
413
400
484
380
517
134
187
938
161
404
82
806
718
978
768
327
6
97
170
207
477
419
57
485
133
425
22
685
71
127
181
761
850
701
567
511
120
797
313
158
803
227
690
357
696
230
834
514
585
938
702
348
766
480
1000
830
982
827
660
537
127
422
581
604
437
551
77
154
591
875
699
841
85
229
999
378
269
422
625
306
126
226
136
716
667
61
78
520
785
600
504
860
340
668
988
566
427
482
339
987
812
476
878
895
954
443
548
210
827
55
129
130
30
468
115
483
282
799
102
776
753
781
928
396
483
852
446
970
951
241
197
53
700
197
476
901
766
972
486
887
260
651
966
95
447
606
204
380
901
747
228
185
282
910
909
764
848
90
119
300
621
785
454
644
955
224
843
438
150
538
449
150
414
975
797
92
563
713
622
101
1000
859
796
487
353
471
286
927
534
618
875
641
202
917
178
387
213
323
613
607
988
906
632
586
483
152
888
78
945
84
574
464
529
149
322
55
961
267
340
354
83
560
830
316
657
795
46
480
757
897
528
986
646
328
248
89
95
697
92
16
322
785
303
883
682
900
706
780
350
575
174
866
89
913
29
642
494
708
142
773
40
342
950
734
128
495
132
374
288
806
981
54
612
132
854
168
384
661
112
251
980
414
526
937
773
711
674
934
613
103
389
119
354
142
397
989
68
412
16
109
752
851
743
125
90
347
391
172
199
426
8
558
520
229
544
284
586
600
850
444
747
278
16
698
15
942
952
491
608
50
417
529
388
893
423
200
680
232
924
363
947
64
359
932
109
464
785
15
646
47
849
569
683
438
74
362
995
544
450
324
967
406
739
295
592
990
87
195
219
223
180
697
863
988
255
351
775
307
860
894
387
904
580
969
801
19
695
835
121
538
201
925
622
172
737
20
568
180
396
827
478
518
417
74
888
305
589
635
459
625
726
876
342
263
229
550
450
304
573
185
22
847
824
994
1000
255
680
330
839
658
115
652
349
975
727
386
426
459
53
220
724
367
675
983
603
713
825
198
448
730
949
840
990
667
218
949
945
821
219
422
250
516
6
520
308
990
643
93
417
926
404
55
262
672
446
514
294
184
829
533
266
124
302
60
237
274
413
69
957
751
367
332
645
502
618
222
688
497
585
854
881
582
772
184
366
817
804
952
378
146
843
358
25
339
586
248
366
457
132
275
240
580
16
456
92
572
932
775
4
634
956
931
237
424
818
154
262
798
640
734
52
202
897
845
947
59
5
834
702
282
947
965
711
670
432
86
843
466
470
321
373
957
209
46
930
366
283
297
940
986
782
833
432
572
489
999
155
55
700
932
721
787
558
967
757
610
542
786
725
77
110
960
869
800
259
909
884
102
337
409
724
962
388
667
106
388
25
263
733
324
882
579
931
351
137
516
127
59
772
303
87
544
350
182
570
628
279
602
671
627
489
839
392
402
867
481
869
758
731
57
277
966
260
988
136
882
264
440
400
734
798
211
765
87
508
370
703
208
80
338
750
713
64
511
702
157
386
935
31
815
653
698
512
889
262
593
219
856
575
63
940
847
505
672
843
326
387
357
609
54
283
673
479
36
768
580
745
152
666
681
898
770
609
765
809
960
475
959
609
405
58
486
247
921
489
404
196
577
390
477
330
451
963
731
540
673
359
26
173
287
610
691
723
490
413
687
196
855
903
770
598
502
653
417
29
769
369
705
941
636
467
78
256
595
957
708
977
602
95
598
391
637
203
569
757
773
684
179
494
260
664
845
6
117
36
323
859
139
110
332
442
652
325
106
743
465
68
864
580
285
126
971
130
15
964
318
134
446
754
902
826
745
31
430
108
200
43
64
124
690
147
201
687
316
703
528
81
122
397
851
47
245
71
205
586
289
839
152
376
930
170
619
204
706
690
560
430
498
350
621
213
715
652
412
576
607
103
449
508
617
331
48
400
782
589
657
236
6
176
289
976
851
50
222
417
405
277
462
518
735
441
301
64
706
183
625
760
563
568
83
851
444
379
901
504
636
982
946
619
667
860
559
714
727
861
668
651
876
715
110
808
635
112
972
531
666
53
404
620
20
334
178
626
300
945
836
510
19
405
677
99
60
623
988
633
32
223
368
241
652
777
434
66
171
871
679
514
400
45
745
624
660
533
465
662
880
184
778
157
64
485
509
184
948
764
789
946
228
436
142
660
240
802
879
798
969
859
969
511
879
832
443
880
576
592
932
874
842
396
4
808
397
964
39
695
472
639
798
633
358
911
443
257
821
403
562
770
283
550
551
752
661
509
184
719
429
325
984
978
695
203
420
196
800
253
85
619
140
373
139
634
939
150
619
869
350
439
229
728
300
221
732
104
28
422
170
123
934
431
200
891
922
662
839
589
324
740
270
224
291
634
104
497
381
916
505
107
529
923
829
580
256
717
285
971
464
103
535
990
783
154
688
176
608
179
9
22
677
885
811
507
802
817
665
377
633
141
817
424
880
83
62
84
115
160
757
30
518
869
177
29
596
354
37
829
13
830
950
365
719
300
675
654
612
815
89
32
596
253
463
367
695
410
947
274
825
380
208
188
570
507
85
251
65
731
378
54
405
346
753
276
335
620
359
735
735
191
542
920
697
472
656
92
331
388
842
283
663
219
675
441
528
342
903
846
426
57
124
80
675
468
912
464
247
827
613
50
549
478
731
245
764
419
888
475
480
630
302
27
447
618
481
306
779
626
755
248
716
321
222
966
267
895
294
429
677
132
736
225
170
879
59
165
777
912
522
241
850
692
42
278
919
878
630
497
832
362
77
126
58
229
901
452
707
16
830
966
292
427
989
402
459
263
11
874
140
564
490
520
540
521
620
479
730
97
159
964
450
514
705
787
792
50
708
446
213
178
541
993
240
412
167
272
44
393
688
865
538
619
492
135
459
65
334
315
724
337
160
559
423
535
378
93
634
204
559
257
30
90
992
480
125
412
355
968
393
562
684
822
29
641
582
823
27
865
205
246
426
305
763
76
288
981
390
30
508
263
971
816
545
412
81
232
176
333
68
989
957
53
12
517
955
339
673
622
455
213
749
500
926
988
447
641
404
503
295
555
634
704
299
128
11
882
197
900
3
316
166
683
141
7
476
162
431
755
203
655
76
184
786
401
278
184
349
385
685
930
643
744
177
121
627
339
168
291
368
250
444
117
694
822
916
172
975
408
837
966
7
14
5
759
920
136
44
80
619
433
376
257
780
561
499
959
496
519
115
457
54
12
750
884
711
675
799
351
619
44
65
776
402
55
335
941
459
102
190
143
252
700
272
489
311
825
278
182
630
703
273
984
363
935
917
21
590
876
530
444
875
450
592
158
783
951
422
319
895
871
535
363
533
166
674
853
816
318
629
219
727
56
110
622
779
127
197
501
302
800
704
424
123
285
364
874
426
969
814
552
768
311
308
31
449
571
850
586
812
969
332
312
274
948
13
220
905
55
506
38
819
960
222
311
486
403
627
426
864
698
346
613
905
457
743
231
709
863
172
963
900
785
183
163
872
857
595
232
963
157
73
293
970
34
224
844
233
990
800
952
644
884
103
826
232
298
301
95
308
183
115
493
535
369
331
606
767
771
771
990
819
139
980
935
590
321
954
932
993
123
239
978
483
349
432
657
119
718
171
186
66
798
635
412
192
716
498
471
963
412
275
465
550
78
81
150
836
185
759
554
592
717
460
354
448
497
586
849
139
777
980
598
180
377
354
931
987
967
490
416
582
682
717
278
761
449
675
896
199
223
555
611
123
722
947
638
184
82
9
108
769
135
668
806
798
747
762
142
819
126
822
63
999
376
309
832
22
474
910
591
627
701
356
298
758
932
961
480
54
526
840
438
251
587
47
958
442
416
704
786
662
629
858
694
87
787
80
236
906
227
838
793
941
914
628
300
661
232
393
750
846
944
996
572
838
98
577
90
982
324
359
99
150
103
498
603
788
918
282
221
361
233
135
664
520
615
295
340
892
346
974
963
285
260
129
258
470
704
887
70
38
667
316
748
952
458
243
305
666
413
407
32
271
304
350
482
177
618
403
607
406
942
310
682
806
391
738
835
663
857
395
598
524
474
795
145
569
808
583
155
475
452
154
904
656
915
406
289
243
878
178
408
105
487
484
457
789
732
460
556
780
696
147
30
455
604
847
440
315
549
996
783
398
415
840
498
815
56
115
715
714
31
464
364
864
642
845
259
703
383
43
584
91
298
690
571
704
278
821
882
683
159
501
216
260
699
812
642
890
921
169
274
387
721
331
646
726
867
491
700
408
844
18
644
631
964
52
639
501
362
448
637
941
192
62
530
779
931
956
618
347
603
788
556
458
137
733
163
24
678
52
975
722
504
542
219
259
479
989
535
178
262
142
501
516
605
427
897
159
4
257
161
720
330
736
948
577
578
722
31
11
191
626
418
451
134
99
810
988
370
810
999
642
918
321
877
398
34
288
392
339
616
522
593
803
937
698
766
854
585
768
749
825
129
443
424
967
291
556
108
631
471
229
123
761
980
949
554
542
691
290
21
435
157
569
199
737
301
428
293
69
856
488
442
47
825
794
509
9
257
902
326
774
547
748
680
412
766
992
791
183
812
3
331
236
519
507
742
622
890
156
447
129
621
873
433
217
979
148
573
285
414
573
107
542
122
410
280
958
255
835
153
159
240
809
598
593
952
323
746
831
388
517
647
94
444
133
14
883
651
963
236
696
981
756
592
923
112
195
952
523
219
693
652
184
44
743
826
646
30
14
504
501
439
739
905
849
295
577
958
97
772
148
310
653
891
48
344
121
25
571
661
808
231
96
155
439
916
81
35
280
124
624
268
567
406
250
473
173
956
825
573
254
947
572
823
729
794
29
560
644
496
495
833
697
670
1
474
56
179
411
773
538
102
765
873
944
198
943
411
278
974
504
390
88
660
862
715
287
88
302
28
655
154
921
778
1000
92
60
182
79
63
794
732
865
785
808
420
28
627
564
123
41
361
715
270
593
475
206
126
259
481
528
999
416
875
63
978
756
62
204
979
512
874
184
68
880
320
557
512
598
961
119
293
290
906
789
208
759
588
144
20
146
463
847
645
985
959
395
407
542
638
974
748
783
201
875
234
404
783
890
498
12
476
931
197
195
756
820
137
580
834
120
161
567
848
238
259
312
289
523
715
876
626
117
37
872
664
734
216
592
531
873
605
224
199
68
527
371
675
777
964
933
402
859
593
575
391
810
485
47
878
851
964
49
478
862
635
631
42
405
883
392
70
151
982
455
191
950
775
475
867
107
902
679
368
851
545
573
129
838
550
579
42
293
412
506
772
461
50
527
604
68
143
281
502
919
265
150
536
149
241
713
937
500
555
268
272
894
299
573
320
679
587
145
257
502
793
834
130
886
253
934
754
216
504
318
831
758
345
407
406
22
841
896
304
905
366
49
53
807
492
260
530
81
231
379
590
187
222
846
755
964
161
374
936
875
747
371
27
648
202
527
132
940
595
157
996
661
403
497
676
962
137
22
539
16
623
966
279
295
662
73
988
964
545
837
210
91
994
477
672
416
993
266
871
410
211
115
474
517
39
426
169
699
844
197
517
671
614
245
174
533
439
831
448
561
922
637
435
835
714
256
754
35
258
555
163
982
758
399
365
181
910
543
888
495
186
423
502
907
913
622
872
460
172
181
707
664
167
939
665
895
304
110
691
277
440
640
324
443
670
620
473
401
347
803
773
72
128
896
481
519
435
60
528
957
721
494
665
269
573
587
606
899
598
302
113
865
247
268
198
510
552
406
515
116
458
468
547
860
720
547
18
264
353
602
356
173
185
639
935
763
519
833
942
131
674
689
319
764
12
58
388
753
17
482
773
307
496
780
135
150
168
620
550
802
534
870
694
313
154
531
927
671
586
193
319
667
278
885
977
537
667
872
795
722
963
155
373
265
633
169
909
490
618
864
456
753
143
578
171
123
7
246
472
549
746
438
235
712
144
470
28
846
719
1000
95
244
139
614
231
691
152
69
801
244
324
642
732
744
335
92
143
241
412
669
259
857
121
958
311
197
690
870
763
85
661
63
652
683
958
518
29
677
810
213
655
568
416
142
103
203
539
238
461
46
637
531
934
798
350
772
407
638
498
772
2
442
264
434
485
267
534
103
357
922
370
429
738
371
460
745
252
88
111
917
227
742
702
229
12
376
747
451
759
903
226
57
261
43
661
899
431
776
225
878
922
727
845
889
551
280
378
470
847
185
462
917
219
230
883
718
33
717
21
752
26
236
360
299
961
633
903
319
542
654
849
295
744
216
262
941
978
890
232
306
572
115
101
874
370
792
280
202
305
119
663
208
6
841
287
950
273
643
123
521
734
74
356
196
316
392
842
684
198
79
241
80
64
73
719
144
396
466
921
718
769
450
309
205
197
371
258
133
9
19
172
727
619
126
580
243
625
76
700
708
945
946
64
509
94
992
376
115
340
38
634
694
916
92
948
252
147
436
95
324
854
622
991
972
104
968
871
336
963
320
313
752
813
768
699
788
418
204
789
318
871
970
751
276
127
327
688
81
950
858
953
39
282
920
272
764
602
147
440
678
655
999
749
123
215
579
909
65
464
96
250
207
729
353
932
878
596
711
372
64
696
640
540
115
828
828
258
34
117
67
170
417
104
54
771
210
91
529
570
345
981
529
874
968
390
680
230
728
201
2
109
637
367
794
916
292
325
207
377
915
701
805
635
222
58
737
303
634
668
692
270
143
44
115
666
543
234
57
863
157
842
114
350
627
396
133
460
277
915
852
658
868
269
947
86
672
953
451
470
549
872
530
212
56
857
425
205
198
760
938
236
25
721
587
828
944
494
203
890
42
265
976
89
743
251
843
303
939
234
529
996
536
129
638
210
727
801
80
672
250
717
533
17
401
572
674
986
871
544
602
553
376
659
815
705
681
889
576
361
804
880
726
420
991
532
844
867
248
367
284
919
935
501
504
403
968
590
803
789
371
181
781
549
370
253
556
622
54
324
774
610
30
23
600
251
862
44
361
19
256
543
240
748
833
724
926
908
578
835
442
209
241
386
528
594
276
788
581
149
890
495
889
917
486
716
529
300
425
767
519
902
474
957
553
486
92
334
235
585
404
640
98
32
734
579
479
116
835
579
299
82
585
304
973
774
143
897
397
123
403
839
508
392
458
582
378
399
556
550
748
767
121
368
128
873
324
379
582
871
26
263
253
248
319
593
390
321
542
460
681
998
594
457
915
213
101
917
689
467
692
593
211
880
990
999
216
790
248
96
721
311
646
874
229
476
831
319
321
634
6
993
81
886
72
529
400
161
687
958
104
303
610
339
286
850
726
10
69
243
534
300
941
120
306
514
272
753
71
854
905
821
859
658
25
706
555
386
119
57
283
942
427
119
505
247
240
919
862
19
436
829
154
132
701
95
795
458
545
516
553
345
882
790
506
829
828
875
749
898
556
415
405
816
399
438
324
387
389
949
953
496
392
456
319
620
804
190
436
615
789
944
723
973
1000
233
454
445
335
224
395
523
940
32
834
488
912
264
400
785
105
950
219
469
782
375
547
151
585
378
289
316
392
458
599
574
551
410
147
759
845
363
521
882
305
696
349
506
34
347
394
654
104
632
441
700
802
823
273
611
237
855
55
693
181
94
962
200
859
613
558
934
579
288
460
914
905
571
970
163
144
136
108
702
302
830
526
579
328
867
772
890
229
409
169
910
353
23
472
527
433
838
67
30
557
284
245
33
727
246
654
438
935
845
435
188
528
171
743
597
627
640
154
136
862
253
955
980
360
489
845
254
939
617
212
843
775
402
187
145
487
507
12
551
226
14
339
382
817
757
919
471
576
465
781
307
970
549
266
506
637
465
333
299
495
523
496
594
388
767
481
263
437
79
81
59
831
710
984
278
381
663
306
36
962
443
586
878
823
870
882
996
997
907
780
976
664
182
472
357
65
879
979
111
758
143
1000
429
343
242
829
185
568
92
525
728
942
929
405
972
696
829
342
286
44
322
390
849
826
207
714
995
825
501
356
189
356
109
613
529
41
205
112
642
974
130
891
63
712
696
906
706
417
804
594
829
69
810
846
884
554
282
474
229
345
606
506
892
605
183
165
411
887
748
588
319
771
788
105
534
315
355
837
484
222
553
722
556
677
952
370
483
170
980
690
465
973
141
439
161
372
231
619
768
350
411
364
2
260
766
322
743
852
687
922
677
468
334
139
87
312
760
956
539
448
975
521
218
280
910
288
408
157
683
780
107
497
885
54
752
564
860
250
185
415
823
725
34
597
89
561
387
737
405
906
904
598
289
800
172
847
631
482
917
228
85
275
120
621
406
900
557
382
266
374
845
535
928
50
992
79
892
38
355
125
732
350
278
402
332
381
260
934
745
591
467
877
507
101
772
70
363
931
500
536
644
33
697
714
606
180
656
837
293
297
51
815
952
957
464
631
869
52
252
456
658
948
192
661
671
85
817
439
184
847
27
438
134
168
776
697
876
489
697
651
222
491
727
261
942
579
804
554
361
384
491
778
190
877
894
54
455
687
397
29
32
468
124
778
612
790
790
139
398
995
902
813
13
498
84
697
609
132
212
381
882
517
826
160
745
454
305
574
469
240
116
660
359
974
252
609
658
711
615
522
209
535
586
344
821
626
333
663
102
532
397
669
710
999
887
445
349
122
455
480
191
227
192
400
986
57
486
640
580
1000
728
2
1
585
82
462
153
742
486
588
256
343
498
791
16
492
909
278
761
7
434
240
640
428
343
116
205
865
760
810
926
932
412
577
377
693
722
973
215
586
396
460
772
889
680
302
523
413
408
503
735
151
408
171
844
328
493
660
59
801
724
955
460
488
720
641
374
271
605
904
298
330
130
803
38
133
612
310
797
104
252
739
363
680
779
299
966
91
156
102
537
471
895
879
34
991
94
158
347
643
105
707
694
955
988
444
329
321
600
867
209
928
870
143
690
124
7
998
460
871
714
588
514
237
533
570
404
478
340
165
493
397
800
66
951
649
966
348
545
975
856
361
170
890
377
343
576
321
66
486
881
571
354
850
923
465
802
696
575
79
534
602
735
345
727
969
648
671
453
182
195
772
418
805
822
361
266
670
192
937
822
457
137
920
440
286
359
725
313
854
157
321
702
169
822
195
777
981
927
705
20
543
99
717
304
786
392
985
291
697
990
697
432
866
992
900
73
490
395
502
839
375
315
429
746
693
269
126
116
776
479
620
503
323
692
836
871
947
364
271
50
476
559
349
476
717
650
602
960
610
274
640
280
238
189
378
53
819
161
967
618
936
532
715
123
86
754
998
459
430
21
767
51
250
991
737
510
327
763
663
777
452
481
159
336
433
328
769
427
911
501
851
512
408
466
322
2
939
91
911
288
558
985
291
344
648
321
504
785
154
647
550
712
209
283
999
434
12
230
864
825
924
534
188
282
652
717
358
267
190
168
931
833
824
643
329
247
753
74
552
723
228
978
716
866
496
445
780
420
113
325
506
162
607
448
999
236
272
849
466
591
541
231
645
267
62
111
717
99
715
749
532
918
744
512
252
410
291
267
66
144
685
815
668
354
555
806
152
449
145
730
707
980
130
964
339
674
998
441
546
40
824
839
447
662
242
709
466
844
999
144
68
115
541
18
121
654
486
364
603
94
105
172
356
52
66
162
624
274
314
469
12
67
540
659
887
113
254
141
259
661
376
808
560
696
500
48
966
456
289
855
252
311
838
915
490
502
792
478
615
478
872
687
720
287
876
246
414
801
416
28
122
160
153
88
576
885
998
631
822
406
899
323
447
816
547
540
624
355
953
172
93
548
211
35
41
792
484
419
833
963
165
518
828
209
239
180
442
652
783
977
805
972
710
963
808
996
252
665
546
873
561
62
23
894
256
141
228
986
808
671
76
43
431
616
556
140
373
775
416
202
427
492
352
668
447
812
234
745
277
431
853
491
659
307
15
817
81
297
284
162
475
813
259
69
444
964
599
790
601
718
127
571
575
770
362
460
769
457
459
73
827
858
28
397
292
837
138
296
811
771
533
179
810
394
602
964
7
55
263
714
84
332
867
82
821
905
175
695
266
782
909
985
824
895
467
452
264
992
964
977
115
320
244
522
344
634
981
326
940
53
299
788
77
926
320
837
755
380
292
978
411
33
229
556
10
992
215
851
610
281
89
982
828
274
412
977
282
480
880
781
815
99
108
521
894
263
322
14
148
678
573
224
635
723
704
680
707
722
180
486
103
500
765
444
234
478
546
990
428
72
439
166
629
875
8
267
156
28
589
970
196
541
757
949
516
467
744
479
681
274
5
826
171
108
652
159
65
912
497
636
713
87
197
580
528
899
811
49
498
976
716
964
23
172
184
501
795
587
930
630
776
874
646
953
257
909
865
250
805
405
461
160
374
433
472
725
830
477
744
916
326
656
725
570
474
799
354
709
995
759
410
241
530
504
139
353
782
620
666
315
291
327
267
4
63
881
594
299
146
742
811
330
145
351
2
950
759
186
280
639
433
36
852
747
340
886
553
110
654
109
33
868
573
195
886
590
568
996
136
443
632
355
137
438
58
114
849
45
380
497
326
610
265
837
811
834
299
826
524
426
732
579
123
738
657
790
771
234
284
405
775
536
868
814
637
548
307
389
588
459
860
55
247
119
382
847
653
496
818
654
694
971
733
707
725
240
850
530
637
274
759
609
361
280
338
317
843
24
985
947
944
899
571
570
959
332
405
710
420
778
285
136
94
260
492
624
297
60
820
837
848
588
471
483
227
357
7
755
240
911
967
360
857
843
837
549
267
668
466
629
134
819
152
482
173
794
375
79
196
320
379
761
9
659
374
80
641
916
605
555
808
332
242
433
379
173
902
716
910
515
920
288
869
873
167
770
433
471
224
907
946
897
324
52
915
684
448
11
958
577
978
835
837
732
118
226
26
918
995
491
276
237
428
452
263
166
574
227
710
57
387
401
991
683
297
448
843
289
963
185
760
256
825
278
437
369
470
222
26
201
198
6
138
951
666
589
670
847
218
216
935
924
949
804
439
626
8
875
68
880
617
125
850
740
38
863
124
825
927
313
431
236
69
890
587
356
717
342
231
128
501
983
376
306
962
409
341
889
172
975
610
4
982
292
71
506
86
604
45
647
445
409
956
993
115
529
460
985
82
564
830
100
69
203
941
377
534
372
671
437
865
266
802
290
896
281
509
286
43
16
292
64
411
263
263
805
372
272
608
40
717
490
887
105
229
352
668
124
44
776
423
570
491
615
951
53
721
489
334
396
619
783
198
543
790
585
626
404
732
235
251
879
113
829
638
417
745
417
270
863
737
825
715
996
566
169
422
289
397
192
799
648
176
324
366
304
666
771
35
834
424
102
938
562
523
160
726
657
894
836
769
799
792
228
525
614
471
614
642
466
658
441
173
485
400
853
689
87
546
801
212
746
298
702
177
747
39
24
805
236
902
420
640
863
14
821
914
373
552
521
48
109
954
432
522
888
422
37
746
816
827
469
898
33
864
941
26
832
296
80
37
48
991
157
96
363
591
159
238
134
775
790
955
997
217
635
443
909
366
688
301
688
889
486
153
435
885
152
67
444
35
661
Odd
