4483
403
168
356
91
270
21
335
372
89
229
372
119
433
435
429
364
443
300
108
294
259
499
119
484
47
325
58
10
242
17
17
190
174
406
259
324
127
69
245
278
326
134
122
198
307
64
313
398
231
197
24
325
297
401
237
252
56
6
80
424
350
248
95
491
128
443
479
314
467
369
26
313
183
420
182
355
415
278
270
142
404
411
252
307
375
500
124
338
454
137
147
460
363
430
100
27
270
247
120
144
168
350
24
37
432
122
314
89
486
256
316
495
75
167
156
283
161
426
322
352
491
174
307
357
289
298
24
99
346
375
111
239
303
1
442
182
322
76
207
317
147
312
463
23
419
171
64
78
302
213
41
365
11
350
456
197
48
334
88
44
459
310
196
451
89
241
157
52
309
262
44
310
64
120
372
373
213
485
55
315
160
366
411
314
457
492
341
316
267
32
46
56
7
148
23
135
472
476
23
491
147
281
147
153
192
173
149
53
415
13
186
191
198
465
147
173
425
444
151
471
484
345
300
173
134
465
115
295
349
488
118
259
206
152
489
149
274
91
140
275
312
257
397
169
339
13
417
399
332
391
270
350
438
264
401
45
48
270
109
420
323
478
304
456
10
435
497
211
240
265
304
267
494
111
187
282
116
448
413
440
298
336
453
476
216
39
269
374
358
286
500
386
428
125
495
170
446
414
212
178
224
105
381
97
421
315
89
225
58
440
468
328
181
135
357
478
163
308
364
246
172
173
362
200
407
56
34
414
58
138
78
83
384
221
203
57
65
279
54
335
367
250
448
63
131
128
485
227
172
132
490
115
472
488
292
75
495
178
273
486
95
302
66
253
354
458
439
264
111
289
435
471
420
337
183
118
248
28
343
419
89
495
131
236
296
262
265
318
414
272
181
183
196
302
9
229
387
419
279
428
223
28
344
226
69
411
496
99
498
314
4
303
11
496
364
208
36
491
351
369
22
358
28
173
98
411
115
299
339
190
377
382
255
464
28
40
430
86
419
295
456
274
395
51
450
464
244
369
63
132
475
362
225
160
372
421
103
360
211
290
130
237
148
126
18
230
1
252
126
335
368
287
431
405
482
150
274
108
123
226
405
299
8
450
37
437
148
221
334
197
302
74
464
381
343
184
49
449
384
98
75
306
460
269
377
158
382
457
226
401
441
154
411
294
115
44
199
342
80
306
205
403
316
32
464
334
141
429
42
5
236
439
112
115
121
22
58
401
214
196
312
294
2
251
148
421
88
246
267
67
92
337
220
220
200
80
312
155
87
119
224
222
67
155
364
361
345
163
409
374
295
5
131
54
466
220
313
222
23
436
489
480
180
16
179
66
231
453
370
226
418
95
236
317
322
253
468
173
51
354
374
450
117
235
58
452
382
177
205
127
395
179
105
237
140
265
387
337
353
260
500
97
87
58
378
429
56
442
289
383
183
361
154
148
256
188
26
53
136
250
120
451
12
414
395
457
17
290
52
495
433
436
248
453
65
182
144
222
238
433
17
63
157
186
500
400
271
264
20
173
42
483
15
311
444
126
186
209
90
477
277
266
52
469
248
485
248
324
24
397
28
339
129
44
302
371
184
478
55
56
150
239
339
388
473
97
449
183
20
1
139
24
470
253
205
29
342
363
432
321
46
345
197
171
333
228
204
134
423
467
391
336
449
192
183
301
115
455
387
80
475
101
8
53
323
313
154
209
47
185
205
115
140
254
362
118
353
425
89
397
453
286
132
295
353
269
463
90
380
433
244
133
45
196
129
15
25
204
405
336
207
328
411
448
241
208
171
275
429
383
211
167
488
76
86
381
346
176
41
371
385
21
422
279
372
403
310
401
228
348
326
324
242
352
251
202
450
328
395
63
281
236
320
63
466
483
56
387
92
21
219
56
188
77
250
138
149
482
224
77
155
305
374
413
219
184
492
371
153
277
127
133
252
458
451
487
315
497
115
133
43
302
140
281
172
388
71
461
268
33
306
314
226
117
301
500
132
258
353
142
494
87
343
130
68
127
177
478
230
441
211
402
402
161
359
110
194
306
26
105
73
288
171
24
246
214
35
188
200
476
428
174
292
463
142
329
303
333
96
240
407
164
415
419
403
79
195
7
160
28
234
201
332
326
129
10
330
395
335
294
26
359
461
485
127
307
489
335
46
136
282
428
243
93
156
39
416
388
361
400
402
309
465
130
457
500
264
86
194
357
474
478
116
479
50
294
324
101
460
248
198
270
149
124
193
484
90
167
27
87
170
162
375
161
297
99
240
466
466
223
71
210
191
11
316
499
104
128
230
245
138
351
477
9
211
159
378
73
48
442
402
266
223
67
287
429
30
377
428
240
132
33
96
152
415
285
419
156
68
61
417
321
428
216
312
222
327
277
421
33
351
117
14
283
266
172
19
456
238
391
283
453
419
452
418
438
426
49
113
118
65
440
270
331
14
217
323
437
154
58
386
442
267
423
363
299
329
97
290
338
206
462
471
487
198
472
184
309
376
291
74
473
59
253
140
251
31
175
22
290
146
210
318
139
391
57
197
418
151
299
156
211
325
309
130
300
93
245
46
88
196
54
242
261
262
432
244
263
240
204
273
48
36
497
156
301
104
42
200
139
313
488
162
308
265
453
78
436
492
31
137
83
214
179
33
61
338
253
273
413
204
200
375
109
237
311
257
454
202
7
44
407
273
82
228
180
255
426
348
137
103
18
25
274
68
197
51
162
39
119
360
224
324
58
282
67
216
196
8
1
32
8
189
227
52
219
24
115
391
135
108
361
134
338
140
42
468
449
272
172
82
184
236
56
340
199
156
170
373
312
441
158
307
336
46
428
175
52
200
481
56
280
102
330
222
251
20
238
451
446
431
491
122
463
5
410
260
182
235
32
428
147
309
270
158
191
113
489
309
330
240
319
67
330
302
178
426
377
277
242
260
13
442
59
211
344
372
77
427
408
473
91
85
169
359
208
223
154
152
368
114
339
319
44
367
49
500
257
270
96
198
327
284
321
455
407
445
312
460
205
274
464
51
376
5
191
448
452
467
241
420
343
138
37
149
364
25
232
371
185
406
201
59
279
183
147
47
452
352
453
54
171
284
263
258
311
422
3
479
326
161
371
498
396
365
203
319
48
261
495
149
104
82
102
361
356
236
338
70
330
472
256
280
49
15
29
228
80
2
374
32
159
7
125
328
123
368
20
268
367
71
216
188
311
66
404
443
438
68
95
161
177
234
429
197
433
120
17
326
38
4
244
228
58
54
114
291
382
461
482
261
281
346
76
54
58
375
179
470
159
331
498
210
212
500
48
243
439
182
383
267
423
184
298
130
187
45
475
299
59
22
124
345
447
91
85
349
381
31
108
441
305
340
310
365
44
28
449
78
429
147
340
349
13
194
310
275
195
250
143
72
239
174
289
364
223
317
159
178
91
296
265
460
415
60
143
216
445
57
96
198
357
368
460
47
1
179
149
146
344
490
399
234
230
29
115
291
247
205
362
185
181
205
219
52
414
75
174
318
347
179
454
80
282
256
266
444
238
425
276
275
356
248
470
236
188
279
41
221
467
183
396
370
279
354
259
84
341
484
127
19
254
327
445
400
361
180
474
422
266
342
281
439
487
18
297
216
216
228
7
303
277
66
108
5
93
220
183
460
272
120
69
402
225
107
490
393
160
72
261
319
311
305
318
330
336
277
75
212
452
253
121
252
123
287
28
362
91
201
305
201
27
335
457
289
425
429
94
327
333
351
347
65
366
182
253
266
22
372
109
378
474
385
398
172
216
218
136
337
56
407
363
383
123
128
418
410
390
415
323
170
136
190
347
482
382
117
268
201
408
56
463
104
202
176
88
296
385
471
429
498
253
328
75
409
214
124
412
290
176
111
63
427
191
37
238
303
453
102
457
39
327
409
104
471
122
333
418
139
228
425
418
28
410
478
227
291
119
202
133
189
410
124
472
262
104
56
495
416
313
198
26
359
57
439
52
395
340
195
20
486
87
8
480
281
107
140
445
133
103
276
390
11
113
411
276
86
18
454
291
225
107
300
373
125
17
277
484
260
329
171
186
416
298
410
207
131
131
266
148
492
236
460
338
184
109
202
293
47
118
135
273
170
255
259
236
314
443
459
208
474
149
310
188
273
151
245
106
111
91
9
475
256
153
262
83
40
74
167
357
130
242
445
142
194
413
33
462
193
392
191
375
213
240
465
42
474
308
305
122
121
459
227
168
68
86
295
25
463
84
268
26
42
276
270
217
95
388
349
486
430
471
247
305
13
218
107
280
422
228
468
2
418
91
282
410
380
220
263
145
113
354
155
486
123
152
202
247
484
205
348
58
186
292
123
344
273
126
84
75
190
407
420
206
52
403
265
221
237
453
326
66
489
73
155
423
302
88
411
356
20
420
444
105
349
24
101
381
55
453
360
53
9
114
457
352
67
226
460
16
166
327
127
313
481
333
484
223
402
190
250
251
464
85
111
387
438
197
219
7
229
435
267
375
400
264
453
81
353
245
299
69
211
78
423
46
363
98
83
213
408
481
202
496
461
408
27
72
117
5
21
431
129
87
205
169
294
165
390
48
361
336
26
79
277
37
445
488
321
123
198
189
135
93
397
100
361
376
318
76
374
372
453
136
253
379
39
243
35
106
52
470
463
171
174
406
443
424
34
187
325
62
99
142
100
395
156
483
265
170
27
10
438
308
21
235
214
221
164
234
192
34
60
62
138
393
153
6
206
427
98
320
276
221
145
358
293
178
339
444
321
370
459
492
49
139
317
383
148
250
456
120
96
301
446
142
152
96
197
323
449
26
249
215
318
157
227
28
473
470
389
11
57
436
200
165
129
416
419
278
419
38
483
66
27
19
318
490
39
458
357
145
228
254
6
179
451
273
16
272
481
132
491
50
437
111
491
197
133
148
65
212
419
36
229
409
350
221
471
55
216
320
169
120
380
402
382
457
375
347
233
178
52
54
381
98
204
396
1
160
338
366
35
190
180
489
42
39
68
278
498
268
323
25
230
216
109
259
440
116
426
317
427
154
83
443
66
250
196
111
481
398
362
322
10
151
434
357
319
142
150
146
435
218
244
387
358
157
433
255
69
233
447
152
239
356
104
420
91
183
179
64
91
264
381
208
14
108
464
280
114
436
67
441
145
225
123
344
307
155
82
236
305
99
164
368
340
148
62
254
375
276
87
367
399
172
5
448
251
253
224
314
473
423
48
156
117
420
184
357
239
302
280
321
383
431
467
492
77
326
38
150
487
70
406
151
85
471
137
295
376
441
388
466
499
21
212
354
474
175
179
345
348
74
182
375
476
452
466
221
164
206
343
472
139
324
353
489
46
297
94
364
50
409
326
190
88
416
287
359
13
260
416
194
57
87
264
197
44
367
207
259
233
12
98
182
283
152
353
305
88
334
6
236
37
140
152
432
460
462
342
220
454
208
266
82
10
22
451
411
406
171
199
426
306
352
434
402
410
270
240
103
121
6
105
254
28
42
347
384
36
373
40
108
105
1
163
158
388
389
454
153
359
445
310
134
196
494
27
107
453
375
443
18
452
130
334
185
220
53
275
256
130
132
486
163
353
491
369
242
357
173
38
232
287
337
316
370
500
154
370
369
55
114
421
151
265
496
69
120
260
10
40
34
440
334
279
254
71
281
390
426
467
315
310
198
21
378
181
276
461
104
146
1
185
348
232
278
4
213
38
332
301
316
414
459
29
205
139
495
142
84
60
57
413
269
234
302
70
196
77
410
419
201
276
442
7
465
315
119
306
238
227
3
163
300
341
267
329
240
391
280
495
339
220
305
43
152
115
217
314
188
340
20
142
155
43
348
20
224
441
210
169
49
309
124
214
29
420
10
384
379
478
361
222
35
14
180
441
369
300
201
476
162
73
392
446
99
187
219
478
454
444
14
31
224
74
332
157
165
265
463
347
453
469
200
54
144
178
418
63
230
469
149
381
293
282
100
480
338
213
284
142
330
454
48
279
205
21
465
92
28
278
76
32
404
19
475
204
404
364
433
377
133
179
373
225
70
241
109
106
334
324
330
271
156
221
4
113
362
227
313
21
51
273
371
321
495
304
397
136
206
79
415
464
448
46
454
19
180
364
255
214
296
337
13
175
433
231
106
165
353
495
323
118
33
396
264
265
74
357
335
497
184
481
161
83
233
389
139
16
388
5
238
51
237
239
98
175
73
81
190
443
80
293
56
440
299
248
189
448
93
297
199
464
326
485
215
34
462
256
80
212
129
189
185
445
147
446
412
410
495
427
71
92
385
238
103
394
449
13
460
146
80
245
95
173
109
62
249
97
217
167
413
402
264
56
134
276
224
227
419
413
280
497
62
439
454
82
44
329
158
427
122
443
499
332
363
340
29
25
42
60
133
479
83
247
400
262
487
129
374
265
323
428
108
483
443
135
146
287
75
241
278
114
127
444
82
154
401
284
441
383
144
271
449
432
249
126
58
343
429
138
479
41
493
46
233
140
137
402
488
275
173
317
394
54
435
347
49
360
447
85
297
238
461
187
87
409
235
188
129
403
371
77
321
406
248
240
70
474
270
271
110
422
77
474
306
419
117
214
484
141
88
293
7
59
405
147
94
66
82
25
306
153
355
429
274
124
80
154
245
164
56
7
363
227
459
228
341
393
271
500
211
250
32
318
372
398
414
330
197
304
469
57
156
427
39
166
265
144
146
199
210
61
500
248
350
126
115
410
40
415
115
465
178
474
188
124
10
423
258
406
26
438
96
451
336
188
480
180
237
206
112
412
406
390
38
128
445
400
46
349
146
151
238
373
230
341
235
216
457
494
494
359
468
160
343
124
282
331
17
363
488
328
208
408
81
480
41
145
299
184
95
117
160
175
155
361
349
24
49
362
344
366
54
43
51
15
387
439
149
21
392
212
125
412
366
397
298
217
251
241
160
155
90
241
417
464
460
223
384
27
79
414
156
33
362
35
483
142
483
474
121
406
359
373
68
34
249
105
249
462
142
459
72
316
44
410
490
118
247
357
243
220
332
475
277
486
58
264
340
466
263
106
171
95
407
352
432
373
100
392
87
239
146
104
175
199
444
124
262
54
429
42
219
425
336
202
97
80
133
321
470
370
312
326
299
342
304
376
475
1
478
448
228
292
477
154
261
485
14
262
474
189
473
490
394
318
191
303
87
304
84
354
305
486
436
492
204
204
98
125
344
267
316
110
211
420
450
414
298
253
159
213
462
382
381
237
421
142
242
337
193
407
123
47
73
175
369
69
107
308
4
144
299
354
276
429
441
365
152
13
138
232
485
325
473
464
31
483
121
417
452
493
227
391
53
496
234
245
331
392
91
220
155
387
352
362
105
287
241
490
372
6
433
29
198
137
423
231
28
409
24
320
197
422
290
93
412
189
148
178
112
54
41
351
363
68
59
28
111
433
420
458
166
461
271
44
90
274
357
39
360
305
224
22
465
110
42
349
362
255
283
12
414
267
360
148
4
485
492
20
435
467
353
99
481
54
4
366
175
244
291
235
55
353
219
464
9
242
54
243
116
165
451
403
461
102
81
185
381
396
455
204
112
320
449
223
183
349
256
310
247
454
132
312
4
8
15
325
460
61
138
426
406
39
28
194
127
44
459
224
340
480
288
311
234
69
463
283
426
35
143
241
273
137
316
339
228
274
474
77
418
117
51
484
423
481
110
85
330
381
347
375
171
85
415
58
366
365
140
75
27
250
46
422
102
488
168
110
123
460
482
237
224
419
341
72
424
439
394
245
37
464
368
148
159
276
164
311
294
313
167
243
441
408
87
317
216
216
292
398
73
296
230
308
17
114
403
193
42
61
398
169
40
290
259
140
31
359
55
481
132
113
253
163
330
216
115
403
93
157
483
435
270
452
293
110
129
228
90
309
110
76
119
302
148
355
216
7
437
460
452
433
328
1
462
239
48
398
75
95
73
391
358
69
193
54
281
60
357
26
285
318
59
18
266
327
136
498
314
321
383
34
368
46
152
400
485
135
148
98
321
486
366
185
260
212
483
312
397
334
287
499
13
285
15
169
69
388
472
96
65
186
314
465
445
133
102
18
98
47
178
1
238
379
286
236
498
384
84
293
5
19
377
405
69
242
68
152
497
186
356
57
270
213
74
309
96
253
33
121
426
430
285
429
335
359
108
383
247
365
188
42
440
227
251
289
2
65
40
95
227
128
69
16
301
408
118
82
169
290
266
187
185
214
307
348
270
396
360
31
24
202
282
373
176
322
451
418
95
62
495
46
69
230
394
374
309
337
80
269
249
77
199
285
326
169
382
269
177
29
395
376
400
49
111
43
344
17
251
129
109
149
71
42
69
461
295
199
295
82
114
300
62
481
214
146
218
452
91
484
430
295
272
5
360
280
387
245
352
380
430
358
228
146
110
98
181
445
133
450
486
377
193
89
206
431
139
307
316
324
266
317
123
284
299
456
68
36
62
234
304
118
57
168
3
88
333
93
347
441
315
240
23
56
348
143
179
422
388
488
449
127
434
52
206
144
421
434
479
137
352
230
124
367
422
172
266
177
380
81
385
297
433
61
213
105
249
270
294
90
27
388
52
338
272
178
469
142
260
38
345
32
320
5
188
107
203
186
482
295
315
245
229
473
115
232
93
341
134
478
284
232
55
244
298
153
4
454
274
46
71
266
27
155
419
75
232
47
164
297
419
484
41
209
90
298
342
282
298
144
380
315
187
36
413
280
118
160
310
147
115
73
223
251
345
83
385
305
104
151
323
354
112
74
384
482
407
332
13
250
297
102
15
386
441
352
451
215
305
422
14
299
447
318
126
248
90
355
442
205
124
470
154
365
241
370
134
374
326
166
204
406
489
330
179
290
245
146
51
486
286
241
355
153
393
482
70
46
171
369
101
481
84
452
496
225
411
196
244
59
266
388
28
255
111
442
275
347
74
18
425
373
198
27
171
302
363
76
246
173
27
292
292
196
412
406
373
359
82
452
5
416
466
19
308
416
246
245
68
377
382
219
175
115
448
302
8
368
88
164
495
132
362
235
173
74
124
439
198
75
313
222
374
53
16
334
268
163
367
126
174
468
236
169
103
309
281
156
374
201
448
143
95
32
318
152
408
164
52
259
390
148
401
334
320
62
167
141
352
249
110
247
145
112
147
41
152
143
461
98
495
231
87
496
313
1
48
357
463
448
489
99
293
11
29
344
165
171
431
297
185
13
338
190
244
462
341
490
214
484
179
345
401
476
332
407
189
234
431
299
332
359
421
294
436
372
482
7
125
261
112
25
330
241
443
184
372
8
209
380
318
145
231
363
53
127
261
477
452
36
9
359
97
202
277
45
454
290
35
29
26
478
62
90
23
218
379
133
238
400
263
140
431
478
47
345
71
305
45
258
265
287
286
283
224
272
373
71
359
38
133
148
150
36
485
455
169
303
183
105
451
165
310
237
333
442
500
99
15
232
464
40
240
366
115
488
173
277
54
469
455
304
4
246
442
30
353
92
159
314
133
356
302
51
240
288
69
118
436
404
108
37
202
114
393
190
95
438
274
65
442
386
263
143
427
157
286
312
334
58
289
308
349
86
133
330
28
100
169
41
11
346
67
125
83
473
69
350
107
260
489
301
443
122
202
220
370
282
225
274
220
233
19
68
58
435
458
71
446
442
144
317
92
460
484
299
19
39
343
388
59
368
51
447
183
234
136
90
166
369
265
389
219
87
366
179
377
323
471
372
254
281
347
219
448
449
351
351
194
348
415
54
210
425
392
201
80
265
381
90
350
386
276
159
99
286
101
317
301
325
244
15
276
269
7
170
230
35
196
121
237
42
258
96
324
78
292
26
28
39
370
488
8
217
171
330
252
238
416
361
251
283
251
71
332
143
153
140
191
348
302
317
54
176
271
203
490
373
270
341
477
117
166
224
461
262
422
357
350
442
211
248
142
111
374
448
386
162
25
358
10
369
98
476
46
419
490
319
416
480
103
169
69
479
157
41
343
377
328
228
69
494
87
30
455
326
274
414
458
114
445
203
484
318
480
124
481
401
339
100
245
20
471
311
114
463
192
116
26
497
151
103
74
423
163
62
14
440
499
185
456
268
383
181
401
235
44
87
395
230
307
205
258
145
194
16
438
236
390
20
4483
209
400
453
211
47
292
159
478
189
70
21
418
252
240
154
489
256
144
421
436
213
141
497
139
182
155
488
417
163
151
287
442
21
476
219
246
97
378
488
23
3
394
95
432
107
140
446
338
213
389
449
83
389
206
161
349
333
138
456
333
156
262
380
334
493
74
160
382
448
224
421
372
294
144
286
190
371
311
4
486
313
182
458
188
220
202
460
452
333
142
383
320
108
465
331
20
294
427
466
150
265
66
10
55
346
150
54
438
485
330
243
474
404
471
252
188
175
72
405
456
240
55
461
286
297
42
434
323
55
253
387
6
262
377
140
92
84
239
83
428
161
3
491
265
45
95
189
285
240
184
420
53
266
241
358
443
258
40
345
472
105
417
100
178
397
388
329
412
368
71
393
374
360
474
288
392
172
76
107
437
261
459
289
226
408
363
165
419
407
288
50
206
19
127
129
362
80
180
263
223
361
365
7
265
452
129
479
367
234
264
368
131
360
288
185
204
413
283
111
23
20
172
487
14
206
318
133
274
253
100
478
197
444
151
314
102
474
415
399
277
439
276
126
363
22
52
63
246
298
323
136
165
397
380
15
92
69
120
241
219
258
248
272
29
160
335
406
432
123
449
412
115
234
233
361
353
20
90
399
129
366
372
212
215
201
354
63
299
353
92
434
364
373
145
23
220
358
222
391
227
77
297
99
381
380
221
75
273
365
347
237
149
482
411
83
436
282
329
221
212
214
9
393
13
360
406
238
46
493
260
368
35
330
395
327
327
364
89
454
308
388
265
246
321
178
442
396
152
407
110
251
171
175
165
5
310
309
12
346
26
202
233
266
252
340
330
292
68
467
89
63
261
235
303
65
122
421
450
256
72
148
99
149
459
256
174
245
179
106
174
373
345
276
93
122
94
493
466
34
40
56
404
78
423
128
394
255
368
127
15
19
226
13
4
29
389
99
338
252
492
493
444
177
230
204
476
49
450
471
495
310
177
236
348
263
212
461
133
222
207
222
121
157
292
78
44
57
277
441
303
335
474
493
147
154
359
77
302
254
338
400
167
15
165
374
272
105
139
397
213
120
382
199
87
69
80
388
151
484
154
452
450
230
92
146
362
146
34
396
283
191
288
254
143
149
96
95
499
305
441
352
332
220
165
184
267
205
24
481
249
478
485
136
467
124
129
303
162
135
3
445
142
121
23
371
337
129
476
187
179
495
224
341
93
279
318
433
179
443
311
394
348
60
62
308
350
143
339
466
398
436
475
378
393
408
327
338
76
397
43
121
6
91
314
2
385
416
459
293
469
323
238
343
449
401
404
413
243
205
90
258
314
218
86
366
398
4
405
482
209
183
85
9
17
356
481
274
63
427
356
261
483
391
487
84
370
437
100
110
293
271
480
71
47
323
216
403
215
237
27
449
411
203
67
448
253
8
23
17
436
484
459
28
287
289
92
494
394
381
38
408
222
332
102
257
280
229
256
70
238
190
327
406
358
212
321
410
284
29
447
439
19
100
214
239
387
215
319
379
18
212
77
250
384
290
85
248
234
196
227
370
220
128
264
305
195
357
15
226
115
120
134
196
352
69
21
89
304
286
38
420
89
346
78
465
253
55
168
500
420
458
84
67
481
399
18
366
106
269
20
416
262
468
274
212
68
166
437
171
150
441
212
82
36
451
200
112
299
116
155
385
379
413
192
382
177
218
17
260
293
405
389
498
184
99
116
227
278
472
490
181
345
283
57
59
137
440
321
432
331
309
214
55
125
24
135
167
372
99
465
41
66
239
378
301
251
395
45
249
363
341
304
350
253
287
258
88
91
496
71
325
254
310
53
290
285
411
376
365
278
268
154
136
273
402
394
423
166
293
484
50
78
28
446
58
45
410
25
346
355
391
86
482
258
334
276
42
488
31
76
157
170
346
73
109
489
106
270
368
20
465
97
454
471
5
177
58
99
12
460
375
464
133
287
387
200
446
80
239
145
387
347
498
194
197
297
44
170
88
33
488
423
298
500
77
155
121
273
138
245
17
126
125
91
347
162
117
55
446
184
397
437
355
424
437
156
240
418
321
241
231
280
5
413
242
397
7
237
191
137
341
485
112
259
178
54
40
379
488
469
142
436
288
194
20
21
65
418
441
480
184
109
435
215
98
255
331
285
28
426
35
250
423
33
314
303
264
160
456
105
375
361
221
468
472
375
84
331
119
250
274
135
405
7
1
438
149
181
82
190
453
329
221
367
477
182
239
318
269
394
168
417
363
147
45
412
34
189
481
209
251
309
127
195
460
222
235
84
62
123
327
202
476
166
50
482
235
461
367
181
259
47
231
98
323
462
444
280
68
31
427
5
96
227
18
37
138
98
431
178
10
453
245
312
254
458
321
496
484
232
181
486
497
480
9
29
436
387
91
293
395
294
96
339
422
352
294
175
341
112
121
243
420
43
305
436
151
252
358
460
17
116
7
155
266
256
303
282
213
455
317
73
411
441
474
357
314
424
262
343
66
439
439
404
217
205
399
398
60
477
190
272
5
292
199
351
440
163
123
45
243
264
320
406
165
324
60
181
400
435
143
404
93
192
87
265
41
283
331
351
279
388
335
133
185
366
146
286
66
94
259
197
213
219
442
339
219
360
287
119
207
333
445
306
91
294
24
222
219
292
1
285
434
254
435
22
284
373
475
136
480
48
115
270
416
260
308
460
207
220
278
181
359
317
291
282
434
117
283
294
127
490
496
206
447
169
42
384
407
200
424
157
494
498
485
322
439
251
238
317
351
221
481
465
105
313
490
174
31
222
106
169
395
359
29
337
91
204
215
211
50
449
391
470
423
319
131
371
171
440
103
419
33
58
16
127
37
143
295
16
383
208
207
173
344
416
224
230
411
488
465
223
240
498
85
354
469
139
412
254
11
203
61
264
287
331
488
480
494
181
215
194
180
448
294
336
136
137
101
465
105
140
99
463
197
369
390
456
103
459
277
358
320
471
186
310
179
493
363
200
401
197
69
54
235
153
177
227
295
407
467
306
51
421
234
48
118
48
266
438
49
426
480
216
206
242
395
428
15
247
320
23
341
392
76
143
377
471
394
473
136
328
212
394
20
421
188
349
442
500
132
232
475
497
83
460
28
266
135
278
345
6
152
308
475
218
243
450
244
455
52
63
324
261
334
336
147
251
204
255
226
289
433
200
481
435
234
413
38
177
440
492
331
241
301
128
82
343
159
117
110
20
248
469
438
129
434
299
434
240
98
238
202
403
333
395
39
309
43
380
53
237
100
11
263
20
294
279
447
391
160
373
413
463
412
474
319
46
163
189
308
147
439
329
461
414
296
122
285
381
140
273
297
83
388
285
404
164
155
224
277
490
53
123
155
43
322
195
107
447
95
193
480
485
454
461
104
61
241
152
467
334
460
435
37
147
104
80
458
120
381
56
261
391
444
250
59
344
278
324
337
323
480
44
476
397
215
326
122
322
233
45
337
285
11
159
190
253
427
491
192
481
174
478
215
232
71
198
444
223
370
360
101
40
75
148
195
107
51
283
192
28
208
65
200
408
250
397
159
101
191
378
324
290
400
419
402
144
87
299
76
383
52
68
284
448
392
11
129
464
436
289
257
250
270
404
14
471
260
256
109
147
250
237
97
103
167
427
150
338
179
286
50
261
347
124
213
404
330
299
317
311
468
336
374
421
83
114
396
45
81
453
7
479
241
96
235
157
50
414
160
43
337
345
177
484
11
467
369
416
70
202
105
400
111
207
178
14
478
180
62
34
30
344
454
72
471
76
146
211
357
351
384
263
459
270
207
453
41
330
176
157
13
395
80
40
467
79
190
11
160
241
301
403
238
172
449
284
106
135
34
466
32
279
97
243
406
183
131
199
332
484
201
141
420
335
186
375
294
456
73
497
181
348
311
243
241
266
221
109
224
303
115
301
211
485
63
457
358
474
33
442
224
243
273
32
410
476
443
48
71
449
288
480
401
224
425
338
435
137
345
109
46
147
205
441
399
314
131
198
239
158
25
499
254
64
319
468
289
207
99
463
131
79
50
424
332
266
216
69
137
123
446
410
252
263
448
236
55
54
253
93
472
132
427
441
400
158
420
392
151
449
446
408
233
438
424
333
409
235
146
496
214
349
280
213
190
27
416
229
64
488
272
72
42
318
182
424
81
467
323
80
462
393
68
296
85
57
334
78
93
296
4
357
6
118
26
206
419
436
53
121
36
177
5
410
33
354
408
101
282
316
397
303
59
95
233
303
147
289
207
393
416
211
99
290
77
368
96
17
292
136
47
295
425
365
199
166
29
462
48
348
261
17
469
498
137
243
441
180
247
261
223
493
133
54
289
199
108
484
483
322
481
29
490
324
154
264
195
114
50
368
198
447
64
429
12
370
89
57
117
319
94
31
215
125
290
284
100
67
266
298
123
41
22
466
410
334
208
149
500
200
327
159
334
276
174
113
29
145
360
494
379
172
395
400
263
398
385
325
91
258
163
485
59
117
179
427
147
172
350
296
327
246
81
372
25
35
376
472
9
28
215
488
332
352
283
255
34
217
399
105
329
313
256
458
363
128
303
128
305
251
300
231
488
250
192
137
25
351
388
451
211
431
413
153
136
67
233
150
285
184
124
129
68
27
12
36
209
176
479
218
253
266
170
460
102
5
203
143
379
412
81
94
296
70
73
456
280
236
49
474
491
372
443
271
370
289
227
432
102
471
311
51
417
490
81
411
461
23
392
67
495
231
307
9
196
489
482
429
190
351
251
162
49
281
90
461
129
234
222
70
17
19
438
113
170
182
128
82
226
492
201
464
409
139
255
27
86
448
281
116
251
17
191
76
458
15
383
26
460
270
423
233
179
193
50
347
341
334
179
419
145
120
299
78
101
305
68
492
378
34
314
90
252
473
318
393
259
37
95
130
375
366
424
34
371
170
473
448
200
15
430
454
273
414
410
313
240
388
406
22
93
29
416
389
347
207
443
60
119
257
353
285
17
353
445
5
362
460
172
423
453
120
270
305
274
168
449
473
420
308
305
355
231
328
261
327
49
256
11
415
27
226
227
80
492
52
452
342
291
431
303
485
234
114
478
46
461
300
494
463
38
26
478
32
115
430
451
67
175
35
424
355
58
483
179
445
311
262
43
476
96
437
433
231
372
64
418
401
414
76
107
309
159
5
172
104
18
8
267
477
279
157
116
31
473
405
22
198
322
463
441
23
245
301
436
174
140
390
419
383
488
474
1
241
69
450
7
24
87
186
105
257
499
277
194
192
36
197
92
266
109
88
35
485
399
119
430
465
45
389
144
76
368
84
296
142
74
336
336
456
238
84
28
467
117
300
51
210
106
145
48
317
372
168
51
320
42
306
492
44
242
284
61
260
189
148
315
208
176
195
430
191
189
115
257
316
207
128
478
193
103
466
180
151
131
276
215
1
497
312
229
255
137
240
142
14
116
339
391
131
205
364
321
118
317
240
416
66
384
352
131
24
244
60
106
492
466
211
191
11
320
335
67
438
472
252
308
31
136
129
296
244
271
278
81
237
341
418
477
375
339
362
298
415
113
3
395
321
117
129
153
287
484
248
192
417
241
224
270
463
458
34
34
317
24
214
127
7
111
148
56
42
434
54
220
164
189
63
431
476
28
47
59
161
325
24
473
169
287
145
248
293
33
125
353
48
234
3
478
409
19
410
108
135
176
224
268
473
8
340
249
451
103
472
132
484
282
233
222
68
41
206
199
78
422
192
136
140
383
286
450
467
234
99
422
495
352
193
270
242
151
77
366
137
258
485
48
201
164
36
38
284
85
80
62
265
137
186
52
257
373
217
176
260
335
497
270
384
496
68
250
53
398
268
314
282
221
389
8
360
90
389
59
136
302
230
21
439
233
94
173
391
394
403
478
161
191
50
448
248
463
478
201
40
8
407
301
438
388
445
167
332
16
91
411
156
156
492
136
384
122
382
371
6
113
241
191
262
122
135
476
353
85
74
382
151
226
304
299
378
244
300
441
306
496
428
151
117
7
23
80
332
189
184
221
23
314
225
176
266
119
372
241
41
198
281
62
36
407
185
15
444
443
242
207
281
108
367
239
461
67
330
300
270
126
313
241
188
72
3
35
482
38
177
100
211
74
110
355
181
428
155
202
114
58
227
372
267
220
315
438
298
116
62
48
435
16
205
17
255
373
370
422
130
404
222
273
7
341
333
231
278
197
358
236
419
58
413
344
198
293
142
445
295
433
138
465
234
399
376
102
431
468
494
404
433
37
167
232
206
67
427
57
377
464
342
89
355
297
109
19
22
398
230
140
248
380
287
285
224
120
158
371
24
157
328
158
48
144
320
16
38
312
55
314
332
96
463
164
358
268
413
334
360
116
284
143
385
44
15
422
129
119
387
294
30
36
379
334
218
34
49
410
221
104
86
292
323
263
157
251
320
376
476
148
272
186
388
458
158
334
249
240
432
303
203
1
210
405
80
199
101
86
289
158
326
87
407
461
431
413
344
204
118
7
379
233
10
257
18
232
67
248
287
73
383
13
174
229
458
496
421
29
150
457
342
448
301
277
494
485
388
19
403
64
142
3
237
129
357
389
182
294
361
279
449
335
235
156
123
377
204
9
281
113
48
226
466
120
74
362
412
238
406
189
488
458
418
122
3
381
86
321
436
228
287
399
23
306
263
49
80
347
415
356
270
82
389
94
175
105
177
498
396
278
424
114
181
328
149
486
500
384
368
330
288
134
404
288
158
140
37
336
75
177
75
197
404
8
286
112
211
332
195
445
75
472
451
326
479
492
295
437
412
482
177
163
182
392
451
426
149
379
145
387
29
76
216
200
115
476
67
409
135
121
322
403
32
473
231
495
303
39
5
381
416
380
434
248
369
385
281
389
285
134
369
193
22
252
143
1
396
380
179
265
243
488
104
97
79
351
375
26
67
205
373
300
75
265
138
242
251
138
439
306
85
37
399
40
207
317
170
204
99
38
306
214
35
384
448
297
209
484
284
213
400
369
261
12
126
285
211
53
214
227
178
479
170
257
463
224
254
310
339
469
294
78
338
415
131
51
150
392
381
340
309
332
474
157
307
24
152
497
458
388
296
436
340
449
119
125
439
350
443
409
289
176
88
306
285
422
475
471
438
267
492
217
207
134
17
447
469
444
93
51
250
96
319
40
495
481
124
185
477
266
196
212
348
254
170
380
372
399
42
216
213
296
233
301
18
92
348
176
122
199
370
413
460
268
340
188
394
97
42
113
121
331
76
199
284
377
110
171
110
484
486
44
469
120
337
347
142
146
393
419
318
491
58
131
204
193
439
20
365
286
348
426
477
229
259
416
381
258
104
232
396
18
169
101
180
440
155
443
342
34
363
358
182
371
461
59
494
423
76
216
292
345
383
99
327
409
156
449
215
234
70
457
410
263
273
277
265
270
11
314
94
395
29
263
420
147
160
347
369
429
55
284
232
92
406
456
399
67
469
363
311
235
215
440
107
455
304
489
112
76
22
471
124
495
113
91
294
119
363
390
197
227
439
351
151
453
273
358
139
54
484
258
404
98
40
485
241
61
235
108
97
380
407
134
466
474
145
466
215
379
105
85
176
350
42
362
215
366
57
288
213
387
194
394
214
368
107
198
413
314
474
85
188
32
474
92
129
373
210
491
267
110
418
142
332
285
139
205
339
345
5
258
289
381
291
294
105
379
4
45
406
105
329
363
162
446
172
68
188
128
124
160
378
434
367
19
449
245
73
76
403
249
410
41
344
481
51
100
325
397
373
197
294
159
12
231
253
284
328
50
108
38
359
103
188
10
255
56
313
70
406
386
67
205
167
195
274
362
154
158
98
324
85
123
281
251
7
17
163
417
71
106
221
315
39
481
366
150
238
59
74
163
260
56
244
307
132
130
319
81
448
272
205
118
417
177
441
430
458
249
143
144
400
69
374
400
308
397
342
207
369
270
68
249
292
90
396
338
134
477
66
461
149
80
189
329
447
193
404
207
421
46
401
223
476
113
424
97
30
285
238
43
43
176
129
67
62
148
69
149
372
369
268
155
429
432
277
239
135
367
202
363
395
329
442
305
2
245
7
201
64
299
37
339
473
429
491
241
6
494
354
494
179
197
200
55
439
410
467
343
368
381
285
242
222
370
292
6
494
286
266
169
152
164
175
495
322
282
234
385
128
199
347
320
54
273
336
80
281
248
171
352
210
1
307
471
496
141
41
498
385
18
194
352
412
176
176
55
106
438
228
76
32
316
468
115
81
325
129
206
405
486
435
256
402
82
416
194
350
469
223
208
306
24
75
367
174
155
237
211
18
293
307
25
26
45
493
475
361
486
162
426
409
386
320
410
267
52
257
136
68
344
332
214
265
444
208
9
64
76
468
272
106
56
255
213
29
94
99
368
265
263
169
4
111
6
347
226
21
184
58
213
102
60
251
219
355
67
478
287
451
224
91
432
432
14
226
63
239
70
96
305
266
468
223
403
172
167
247
131
193
257
403
180
276
334
16
43
296
140
441
332
443
191
81
288
242
423
493
337
38
215
258
176
439
370
27
11
404
369
252
91
126
423
327
477
94
237
188
402
11
431
72
317
12
397
210
469
492
487
323
27
39
367
404
392
189
96
82
354
119
332
74
101
321
371
155
74
124
27
193
120
300
432
332
325
458
233
210
189
165
71
258
2
259
218
62
381
499
226
40
281
357
163
217
429
97
131
251
76
210
70
361
61
283
128
389
413
441
473
365
393
325
2
171
261
216
470
316
247
145
320
57
246
466
275
38
443
75
338
122
125
91
371
143
29
237
18
194
33
129
111
24
374
417
144
294
493
171
101
375
387
48
247
208
481
153
96
43
331
370
417
181
89
241
66
287
444
314
130
240
476
341
180
2
46
356
469
246
238
248
49
401
103
287
242
289
237
300
234
182
353
270
406
207
131
238
122
73
430
153
401
463
406
459
423
498
283
55
362
160
203
139
200
140
200
34
417
70
83
333
304
110
245
184
31
26
48
400
201
253
179
118
302
214
448
453
162
406
343
256
402
243
40
28
258
119
314
22
500
149
223
274
48
79
395
439
119
475
124
129
161
392
192
369
225
142
214
353
131
333
12
434
233
384
366
262
113
442
461
426
376
159
111
173
200
173
227
76
23
449
49
42
7
408
215
339
354
434
351
33
159
112
73
163
468
307
205
303
459
309
289
27
264
71
450
447
429
220
357
361
221
370
254
55
54
187
489
116
222
83
344
70
170
429
305
3
434
268
64
305
61
273
251
136
33
494
62
48
158
73
105
41
96
407
425
356
72
76
318
83
288
141
76
496
23
242
470
154
143
486
380
74
247
332
161
450
57
132
375
156
437
395
75
158
64
347
366
229
403
451
411
284
388
108
332
299
183
310
199
469
48
26
224
316
393
8
236
428
122
380
66
287
100
317
204
464
418
79
346
206
304
428
46
432
431
71
391
179
167
272
283
296
387
375
489
64
438
139
129
190
163
327
359
69
276
457
410
347
337
179
1
238
115
496
436
342
200
311
138
400
224
478
428
269
122
10
410
138
3
499
270
497
145
409
45
266
389
262
182
104
417
195
62
347
404
309
214
106
259
359
152
249
309
224
137
439
85
103
364
34
184
444
328
428
482
153
104
81
2
349
448
119
294
58
197
267
186
113
14
361
408
44
110
448
13
428
214
299
30
325
446
300
133
340
8
20
304
432
397
472
201
372
493
147
61
320
120
40
414
139
154
270
148
358
131
495
47
336
362
439
375
297
85
188
430
500
332
488
463
413
160
13
236
465
159
156
277
427
268
116
300
203
12
162
194
420
120
248
200
354
435
319
107
279
473
54
146
369
218
352
417
150
368
94
340
371
488
66
478
365
95
108
260
413
398
344
334
196
165
61
128
436
188
490
235
43
493
310
498
66
100
373
76
89
202
161
304
313
158
342
449
207
185
4
377
405
174
405
320
355
169
15
418
249
185
360
77
64
209
291
114
355
188
402
471
54
229
147
134
122
198
300
413
304
177
4
213
136
258
248
173
28
452
410
196
497
450
453
483
78
350
235
226
300
157
476
131
58
450
428
168
415
205
7
46
301
120
268
54
312
397
317
76
193
435
250
108
145
379
46
129
51
20
204
217
Even
