5563
210
470
285
152
388
223
365
177
491
168
246
125
452
329
439
150
93
390
387
474
239
39
11
400
23
21
25
126
423
280
342
457
232
310
443
72
203
443
169
128
153
348
54
157
284
109
128
359
55
253
185
356
5
444
177
429
383
253
128
408
24
243
356
109
31
59
455
329
173
335
125
193
132
93
334
328
95
72
339
479
139
159
180
21
60
453
241
242
286
32
462
184
51
6
301
297
190
183
58
296
53
261
395
255
232
139
118
213
339
456
93
273
162
355
32
111
228
48
245
31
397
202
81
19
64
37
11
343
410
392
235
21
341
103
362
300
486
291
397
436
354
74
440
99
368
126
328
383
196
130
220
377
3
340
477
295
259
31
301
210
158
193
376
415
96
450
266
366
497
263
252
70
30
113
226
192
107
255
445
116
2
271
15
162
252
301
100
140
132
245
203
66
382
347
246
238
401
50
352
215
258
246
63
302
453
399
401
380
313
14
495
459
136
87
212
147
349
177
368
249
123
175
442
195
447
456
304
127
457
330
170
282
300
205
201
273
364
58
427
227
454
427
457
39
327
249
101
188
125
77
81
83
192
261
92
216
408
306
468
286
32
343
422
155
228
190
343
179
99
367
227
377
317
23
492
65
351
22
348
262
369
32
416
389
466
494
375
327
382
281
379
38
267
69
431
362
416
23
76
339
130
22
489
442
38
341
308
320
16
50
79
43
232
306
277
68
399
496
166
31
272
491
416
99
60
256
361
382
263
459
74
386
393
291
58
181
218
61
336
170
30
185
9
476
191
127
272
104
417
253
33
336
479
322
312
99
496
452
32
157
430
259
115
323
324
277
76
488
408
403
485
103
169
254
18
10
233
356
452
280
401
126
248
314
430
181
471
371
166
240
364
282
20
149
415
243
479
178
77
367
245
112
474
336
17
147
339
79
6
244
86
280
43
198
139
69
481
392
417
98
272
57
421
89
270
488
215
413
45
148
412
232
324
27
177
192
134
390
198
129
435
315
470
165
291
415
382
141
85
220
377
473
305
63
380
230
278
424
171
394
368
199
37
156
385
404
224
320
128
47
301
454
259
41
87
175
381
211
114
303
401
440
419
75
196
354
60
273
471
402
247
209
194
229
84
3
373
160
303
104
250
168
227
492
374
307
218
169
229
23
482
289
157
100
245
293
327
414
324
378
374
165
22
83
233
460
489
453
487
342
263
339
5
492
464
93
5
240
430
43
43
494
241
440
194
477
361
374
236
462
491
317
446
301
445
251
395
169
205
494
204
26
328
142
450
154
28
379
492
444
372
170
423
6
69
112
387
457
232
132
69
451
454
18
304
247
407
394
497
140
374
78
363
200
362
8
59
319
435
372
425
416
300
482
32
13
418
329
125
234
49
51
460
457
178
29
163
181
97
123
479
121
38
358
204
17
468
33
121
434
281
194
35
227
406
374
372
300
106
412
35
72
421
176
214
496
460
134
479
161
139
499
101
496
392
28
268
384
83
119
308
381
323
204
451
469
437
439
213
395
290
399
6
473
464
138
459
367
142
242
293
163
417
102
11
436
392
161
263
221
438
127
476
446
200
53
319
355
357
332
80
46
371
79
401
187
121
166
147
255
406
387
268
269
314
187
473
122
210
34
479
205
334
200
385
82
292
431
158
483
4
174
358
156
128
149
440
405
353
432
54
4
119
490
13
253
103
490
114
146
71
257
178
138
227
203
499
285
327
9
197
359
132
212
125
246
149
139
52
244
16
139
195
374
409
247
167
150
43
264
264
131
457
443
336
55
217
339
57
127
49
102
423
75
258
243
290
316
430
54
296
179
349
487
448
81
132
311
30
193
187
129
173
39
34
25
192
181
371
346
433
299
342
164
49
297
445
182
337
270
231
163
21
114
397
378
251
152
341
252
311
328
191
80
499
388
457
13
162
306
430
400
54
495
339
98
138
427
478
42
258
208
233
292
422
385
444
65
406
364
422
391
61
449
422
278
168
111
378
9
219
361
253
374
203
225
446
112
18
500
37
115
140
481
150
247
3
65
141
222
247
269
445
17
85
96
337
194
337
415
249
407
22
474
353
23
409
309
29
374
282
113
257
412
401
62
284
114
33
108
189
117
176
175
489
452
126
387
4
132
162
262
374
337
111
317
58
96
188
361
431
280
386
444
147
201
80
415
190
251
287
25
59
49
99
13
458
462
344
320
134
18
491
106
150
165
315
127
75
277
81
83
448
62
428
303
71
355
96
144
432
249
14
461
181
55
101
160
400
277
256
438
24
237
20
480
367
33
13
239
281
473
6
69
481
100
386
474
108
314
162
292
238
43
17
258
404
458
6
88
196
299
165
130
94
276
221
396
39
436
266
429
204
220
300
168
148
242
432
415
132
321
303
216
273
247
424
11
195
451
166
321
160
398
264
242
335
233
254
214
397
409
93
454
380
23
14
435
291
272
241
344
292
204
269
257
143
120
204
212
340
22
164
75
258
340
428
64
472
356
370
205
209
154
435
189
368
142
214
473
453
274
353
200
486
336
233
240
102
413
384
438
144
297
78
461
489
267
273
144
213
330
471
470
420
258
335
230
288
132
275
337
378
256
56
383
26
153
375
176
73
468
21
371
31
351
355
4
237
105
148
268
177
298
243
345
12
361
85
150
498
38
328
440
454
430
288
454
48
282
227
479
112
272
350
286
240
66
194
184
422
469
165
62
305
145
308
274
495
214
482
191
452
279
323
78
317
121
90
340
367
324
377
298
455
69
467
428
232
318
69
145
244
250
238
373
441
435
408
469
495
203
77
383
210
80
262
386
439
311
204
397
164
238
484
261
146
431
265
147
422
404
426
22
212
454
281
257
416
443
384
33
294
127
63
146
74
260
414
386
397
449
213
386
339
237
398
228
458
137
359
106
499
152
126
401
205
408
402
219
87
329
452
411
171
374
299
54
210
216
164
452
362
3
154
2
27
228
229
263
481
169
126
89
199
169
433
108
46
284
52
378
278
50
172
375
114
392
9
417
358
3
366
173
421
218
54
233
437
468
235
461
309
338
117
156
69
128
127
476
93
86
387
6
232
262
316
169
420
197
234
430
343
166
497
77
180
268
25
343
13
413
210
147
405
312
253
16
399
184
320
476
33
445
168
400
66
224
276
340
95
349
301
462
197
113
121
3
483
378
288
53
194
333
488
481
101
407
373
268
130
137
392
302
259
35
390
99
431
437
316
101
45
184
386
28
388
51
481
108
416
77
339
402
173
283
335
470
25
271
29
161
185
469
243
156
245
159
29
55
385
332
123
244
373
294
318
172
179
156
175
233
496
263
308
438
393
413
328
120
26
96
82
273
26
169
144
267
449
477
242
444
58
86
355
105
299
95
153
94
75
301
298
67
20
418
174
201
492
347
459
53
266
223
443
230
282
360
429
463
469
225
157
187
126
154
70
288
67
495
402
350
8
330
265
97
3
232
486
32
275
318
68
238
467
66
12
287
260
87
17
375
287
383
140
350
214
317
217
472
353
318
125
281
349
226
314
77
345
215
178
26
109
242
30
447
112
178
262
77
17
413
371
300
338
411
402
60
314
242
65
446
110
289
83
10
279
385
467
381
470
217
17
315
76
226
491
147
209
151
328
355
25
436
464
447
238
341
452
342
494
374
216
350
464
14
251
46
421
484
1
195
246
104
488
32
197
91
314
39
222
41
343
1
279
404
56
281
496
457
332
94
289
81
483
16
261
10
229
172
429
155
356
179
474
287
306
264
239
488
394
23
443
489
106
39
176
154
391
9
258
108
473
55
68
273
398
371
8
465
146
312
352
237
44
331
320
233
4
195
360
498
61
255
93
449
278
466
272
353
246
109
458
456
232
181
338
85
265
364
1
268
433
426
37
211
433
393
418
160
189
366
5
136
1
451
211
346
94
5
290
354
2
415
231
238
60
9
64
35
371
231
320
345
191
230
430
92
487
442
239
103
225
43
389
323
243
166
220
409
342
468
147
109
82
321
253
178
402
118
94
235
426
412
390
253
239
357
192
213
14
314
3
357
401
196
186
2
31
362
138
36
291
191
407
101
489
55
240
77
265
144
187
290
449
367
317
93
461
374
278
21
406
389
14
448
112
485
285
462
421
277
361
56
300
427
49
82
27
139
104
317
129
131
396
492
463
151
115
135
466
98
229
245
478
90
65
131
459
260
373
66
329
459
39
162
498
459
170
122
59
323
238
211
31
304
65
248
478
429
103
301
149
375
265
96
84
187
138
462
5
11
483
187
39
366
481
380
288
379
310
66
459
448
304
452
74
194
218
215
448
97
85
453
243
311
366
339
282
46
311
49
62
445
151
344
163
224
344
412
70
88
396
264
5
74
196
82
119
61
158
216
366
251
357
29
431
441
175
26
213
99
303
184
139
351
256
250
412
42
51
40
293
193
169
200
286
269
109
114
157
22
237
348
108
303
411
75
322
222
113
376
178
468
246
343
3
391
219
209
28
216
413
426
476
450
276
329
498
229
431
205
364
264
261
94
202
52
232
161
395
265
199
157
451
475
492
362
3
143
172
12
313
354
53
325
104
491
147
296
113
405
46
25
173
211
204
163
284
463
158
417
82
330
290
302
13
197
377
113
282
363
338
7
125
107
444
60
340
93
88
496
447
262
451
124
188
35
294
278
490
468
415
433
140
417
230
395
328
290
433
168
28
29
2
255
374
129
359
201
76
139
143
298
24
96
136
332
359
321
37
416
352
458
262
188
208
263
6
339
368
442
317
19
6
495
220
152
133
14
471
99
81
125
457
38
356
222
491
199
120
260
299
272
241
139
331
282
438
491
231
83
40
125
220
418
12
92
267
493
198
2
366
133
202
192
78
171
335
138
467
228
367
372
400
231
243
453
455
22
387
317
309
134
474
302
406
493
424
196
500
267
161
387
174
469
264
123
10
477
300
250
244
30
491
238
322
269
296
357
104
138
307
353
355
188
388
290
175
132
296
216
227
69
238
287
394
366
54
58
168
33
497
267
294
307
376
364
243
117
250
91
304
201
256
76
230
143
288
93
155
107
92
163
159
304
253
136
78
392
172
5
493
458
224
268
421
274
387
365
407
287
443
90
321
47
229
225
434
364
332
462
466
22
407
465
81
471
286
379
295
414
119
13
444
337
323
195
146
66
79
154
488
24
164
272
165
220
367
241
410
54
178
251
29
426
45
159
169
311
12
191
123
270
335
453
358
46
444
238
343
445
292
297
455
172
301
343
119
395
164
110
123
363
460
338
131
321
111
116
102
315
321
395
232
175
330
57
151
456
120
22
42
234
467
185
251
450
406
284
343
70
11
14
429
399
227
240
324
380
32
208
477
224
323
398
189
109
422
106
67
120
7
3
50
5
99
66
274
314
323
410
234
208
153
436
423
455
127
53
416
56
228
451
454
445
476
401
261
92
371
290
89
201
185
209
275
90
309
336
61
114
248
51
126
489
13
257
346
246
192
372
419
3
64
290
92
163
410
404
47
488
100
323
229
35
374
35
45
189
308
12
284
31
353
269
1
293
128
423
146
341
434
254
389
90
259
120
148
74
466
434
232
441
29
93
241
384
262
290
453
121
37
353
194
31
413
385
418
24
433
400
210
248
128
243
279
478
122
321
241
197
288
133
449
451
395
394
203
457
156
458
493
416
67
279
428
90
246
247
177
7
64
196
203
338
300
347
143
133
388
365
40
316
472
55
447
470
181
232
240
401
174
139
307
77
362
51
69
371
218
58
190
144
478
369
272
191
376
378
491
457
86
469
169
312
130
93
369
251
279
471
351
137
326
152
138
152
343
72
259
135
366
496
429
392
62
417
159
404
266
91
486
452
267
356
464
157
98
187
38
156
466
165
317
228
442
411
210
389
341
14
115
258
403
287
51
127
181
431
25
133
216
339
424
120
355
198
232
6
207
228
204
318
162
8
54
480
224
214
415
433
436
66
320
278
475
80
278
157
210
192
489
361
39
22
25
60
399
332
46
104
75
202
399
73
301
79
149
329
145
462
362
50
109
498
340
42
3
422
20
166
42
238
185
329
27
52
462
75
14
77
73
134
229
255
497
481
289
26
463
236
89
234
457
105
440
360
316
292
139
31
300
287
303
467
458
148
29
321
369
491
213
17
314
236
456
323
339
127
470
350
224
124
272
288
426
470
272
488
111
340
191
465
366
470
176
151
255
282
11
180
20
299
183
89
229
268
401
224
162
409
123
318
75
98
302
382
324
329
165
344
410
43
466
205
206
304
182
204
498
161
249
314
146
426
248
239
250
75
380
353
89
448
276
22
269
18
443
357
42
366
15
422
17
73
138
79
409
482
283
156
392
151
429
383
163
246
485
117
444
224
446
353
28
353
210
86
458
479
387
153
91
142
223
81
72
401
378
422
317
450
127
418
224
76
498
467
139
146
313
315
359
417
149
337
127
394
200
495
93
6
249
225
344
259
121
486
210
27
69
224
384
126
473
462
88
77
359
317
443
434
393
27
41
298
186
444
394
473
31
36
463
110
75
91
294
334
39
499
399
493
68
35
169
28
313
209
177
233
82
58
261
418
404
251
352
172
220
120
118
472
374
218
188
211
247
397
86
328
252
10
145
132
208
256
276
294
404
150
62
217
349
362
191
113
18
174
65
266
89
303
301
145
253
279
259
110
283
400
47
287
253
11
442
138
255
299
457
146
329
241
12
116
410
53
476
129
276
197
239
121
148
338
105
70
469
401
337
79
65
411
397
125
48
180
251
435
302
327
392
6
84
87
11
139
491
299
92
29
77
126
87
297
128
333
301
313
253
395
34
61
406
136
416
432
149
59
255
138
313
173
174
444
270
243
383
470
397
287
447
409
246
227
241
485
363
348
177
448
146
446
157
437
274
437
176
273
75
315
195
52
396
218
485
38
42
405
491
136
220
414
425
473
358
332
4
421
495
71
161
85
139
72
499
394
269
163
401
297
198
121
135
472
199
407
227
67
377
457
135
453
344
32
231
321
85
63
453
54
377
193
42
51
60
71
175
105
379
218
168
451
254
159
174
323
326
299
95
202
446
184
81
447
305
153
391
365
8
14
484
124
342
107
110
389
2
195
10
438
392
58
400
110
53
391
409
377
60
216
493
453
46
321
75
231
350
452
359
69
238
384
336
34
304
5
255
413
248
326
84
44
11
454
296
444
440
321
4
437
223
248
345
391
100
68
93
339
357
343
122
282
328
481
234
193
264
150
12
210
63
46
9
187
114
183
206
259
265
91
234
51
241
249
372
191
400
441
189
303
129
436
448
370
61
426
150
144
118
56
381
60
402
486
368
172
335
73
98
385
207
347
48
464
188
295
372
495
239
161
265
214
17
280
13
358
142
30
423
372
421
329
342
67
97
278
406
378
96
384
46
369
103
384
174
319
50
236
107
190
220
99
437
417
38
134
254
366
193
361
118
192
115
74
43
382
21
387
210
362
475
435
139
171
472
46
59
253
152
394
128
16
56
171
287
359
233
168
81
50
209
188
475
353
51
462
281
463
462
496
349
324
357
328
306
342
354
266
320
70
458
226
427
93
246
346
45
485
428
8
160
495
383
478
449
2
444
119
354
157
182
409
355
471
243
21
186
108
350
71
152
233
44
460
392
9
262
39
323
26
212
139
118
455
162
295
461
196
352
155
68
64
491
139
48
216
159
374
391
412
412
253
289
71
138
320
428
184
281
238
371
3
197
60
23
111
91
179
414
310
237
335
50
156
401
77
191
154
446
217
421
182
42
173
269
147
272
305
457
18
290
495
219
160
287
313
259
152
56
311
74
181
324
187
420
297
295
3
97
286
159
40
336
302
194
334
368
254
225
21
389
479
210
407
27
256
498
392
258
236
468
250
139
17
373
243
334
283
77
161
229
427
180
241
456
264
128
316
415
423
359
206
259
199
144
369
40
55
281
438
225
293
428
480
45
333
241
226
61
114
236
40
276
137
180
450
374
360
171
499
394
298
497
56
95
102
240
117
18
410
290
111
123
413
103
213
21
201
178
165
247
214
443
71
478
362
18
227
177
406
479
348
361
29
254
417
237
336
459
376
57
5
460
91
63
270
22
110
239
278
452
304
314
124
254
202
314
380
388
474
485
434
253
169
19
334
251
443
9
53
244
13
292
435
14
173
235
166
176
34
295
164
413
199
37
62
366
73
429
119
32
349
14
228
64
197
497
425
493
103
236
121
328
44
308
188
365
26
10
91
465
61
100
394
428
1
460
209
359
325
7
428
124
193
136
440
233
437
466
159
462
185
236
205
66
349
149
481
266
450
221
35
118
152
455
356
452
168
91
281
87
249
311
58
398
470
227
274
147
107
355
391
387
493
95
459
202
477
110
290
447
205
466
204
174
258
419
100
199
338
94
62
436
38
250
166
171
28
104
414
410
222
420
66
332
366
260
356
241
215
320
422
441
415
259
173
93
43
69
395
3
360
42
161
198
206
160
411
447
86
97
244
471
418
409
156
253
74
135
421
430
11
154
158
164
375
474
161
112
296
109
123
166
245
274
404
220
431
484
130
54
373
36
348
113
396
253
184
473
175
80
444
390
494
497
261
144
418
105
90
447
155
366
280
138
215
373
312
90
300
191
311
392
65
84
415
413
479
1
194
330
370
52
318
280
99
225
116
492
124
319
415
317
18
90
326
368
284
141
302
217
182
309
437
188
446
357
67
482
59
52
471
291
466
389
328
296
150
442
290
302
405
117
432
246
273
274
63
160
237
441
428
20
267
141
285
16
300
196
341
268
340
415
387
187
221
393
336
411
139
235
372
265
28
441
304
218
118
497
286
374
178
342
68
352
305
48
438
390
2
303
294
276
487
6
445
275
465
363
472
385
71
388
326
308
366
92
45
406
331
185
61
106
42
74
4
232
84
18
312
260
437
212
12
265
107
152
437
408
235
19
38
76
393
411
471
32
231
151
30
162
387
487
248
60
114
491
142
72
250
190
437
168
301
93
204
132
140
14
349
124
206
477
204
178
437
74
95
346
83
33
487
321
15
114
492
27
115
452
160
345
217
173
498
235
394
44
375
120
195
4
262
228
280
161
8
155
432
158
79
48
178
22
112
143
177
415
88
433
403
244
480
314
420
127
57
498
355
348
355
397
175
157
295
208
7
328
480
138
128
22
298
263
199
342
417
341
339
198
53
76
474
382
96
248
256
471
302
451
410
378
258
188
412
62
381
48
224
60
442
235
375
123
301
339
107
481
446
298
33
282
287
146
150
299
2
490
260
418
341
235
125
84
78
304
34
463
463
404
435
251
116
203
213
449
412
428
138
20
223
490
129
268
253
465
201
116
89
68
392
183
332
390
52
296
129
86
394
175
335
391
400
384
169
177
484
123
402
126
316
322
124
430
381
272
312
178
448
98
396
219
136
412
342
327
329
64
325
185
83
459
325
203
454
191
468
9
198
262
184
369
412
450
37
477
164
81
399
465
279
339
417
38
20
242
253
60
486
62
396
73
305
463
138
39
110
152
155
16
50
146
441
220
124
174
278
212
138
76
322
82
265
193
263
346
101
128
89
496
264
453
241
79
225
230
261
310
220
236
397
350
381
50
262
213
398
193
499
174
148
69
55
249
204
419
242
290
458
52
455
102
299
165
175
350
97
117
135
217
32
333
206
205
166
99
266
450
14
492
373
387
169
315
231
46
362
129
186
402
212
351
119
472
311
399
124
107
212
420
108
281
50
401
178
64
273
461
50
41
282
469
190
360
421
187
57
121
96
312
94
247
253
472
236
364
300
421
231
357
147
38
483
60
137
387
348
80
106
379
85
256
280
49
463
205
325
425
322
201
413
34
384
281
499
245
254
299
109
417
384
309
180
372
356
239
38
11
178
83
330
198
180
464
462
273
364
472
400
344
53
216
279
341
191
190
338
399
50
129
19
397
214
246
78
198
8
118
473
185
3
241
164
258
374
437
374
400
482
295
26
217
44
420
196
123
335
392
172
121
264
102
38
243
435
248
97
71
119
193
409
490
3
36
56
394
488
395
108
166
471
22
371
275
379
374
477
482
396
379
311
277
107
370
185
491
226
468
73
416
40
292
412
84
46
342
446
15
273
110
190
143
208
172
420
275
211
299
478
322
338
258
170
120
20
117
330
99
255
121
363
492
4
186
460
325
196
375
499
373
254
98
446
140
450
373
260
241
35
257
367
265
153
441
361
409
298
3
51
24
434
15
82
141
478
225
402
20
153
190
406
59
79
335
245
371
379
338
195
453
252
73
491
384
257
433
77
265
126
171
169
159
271
239
434
369
107
123
174
185
449
303
235
198
207
392
143
470
185
486
41
338
238
39
335
376
238
117
41
388
375
463
188
447
106
221
100
252
354
2
96
200
281
259
295
178
406
7
376
356
446
313
211
145
404
335
499
251
173
89
149
61
458
450
275
143
443
407
303
327
120
356
399
1
391
26
189
410
141
122
467
353
72
276
480
313
402
261
27
239
348
230
342
377
298
83
288
161
110
487
347
314
228
126
72
377
296
374
277
483
64
402
293
113
45
163
340
296
482
216
278
291
388
452
70
76
208
351
385
169
219
81
37
17
331
129
435
114
116
201
143
248
398
184
94
488
351
313
332
499
97
346
370
152
137
201
407
125
235
398
191
105
362
64
135
407
220
43
440
326
431
239
264
246
132
190
406
118
137
306
219
109
85
133
473
476
259
107
193
417
8
116
305
362
143
328
195
329
168
193
238
88
154
426
331
121
101
429
89
96
90
370
293
156
34
367
388
328
339
138
82
128
495
145
453
233
206
246
165
54
435
326
290
72
183
401
332
261
270
261
162
457
204
110
115
229
363
294
454
209
435
177
264
29
243
29
369
77
192
53
195
199
80
280
480
418
467
401
472
245
218
258
498
65
102
398
435
431
49
147
313
218
12
488
95
445
144
96
402
90
243
122
307
380
111
198
272
7
291
460
309
202
418
11
81
100
311
28
207
275
427
118
39
363
99
336
49
456
347
254
128
348
500
40
84
248
85
135
282
229
189
290
446
287
217
198
251
346
249
395
479
381
122
351
221
224
394
344
188
357
360
83
290
415
475
303
191
360
134
277
221
494
371
394
256
461
372
294
127
231
35
476
373
497
54
274
79
41
387
365
435
461
262
362
110
172
229
296
250
16
149
366
186
305
467
472
489
240
210
230
74
132
337
405
347
198
181
59
468
343
176
178
74
356
389
45
6
37
168
346
308
248
99
124
149
498
458
401
264
95
124
428
324
111
139
182
344
480
70
218
262
144
215
255
470
357
479
254
247
84
113
218
262
19
499
209
182
461
57
264
209
184
230
486
217
370
241
165
377
257
447
31
95
6
382
413
389
365
261
342
160
452
317
11
217
165
54
226
312
122
375
53
428
220
3
329
137
260
127
241
428
131
472
53
64
344
407
267
498
60
134
157
419
281
302
221
102
364
323
239
297
254
347
457
198
278
139
249
451
173
473
31
231
227
206
106
196
154
304
134
322
113
275
479
386
299
126
301
276
190
39
252
375
63
443
4
326
340
335
494
224
462
411
197
178
408
249
452
281
436
459
177
75
37
491
20
94
151
287
470
40
335
413
221
239
175
329
456
168
315
51
276
412
45
193
191
251
87
448
348
301
495
427
148
448
231
295
332
79
211
415
493
276
29
242
121
392
325
123
475
345
122
378
451
91
420
19
128
432
332
115
338
157
381
139
100
169
189
486
483
492
385
213
389
426
74
241
198
224
185
96
345
204
126
356
231
168
78
393
28
284
358
144
215
361
104
73
204
479
396
250
49
279
408
68
19
350
426
235
379
209
143
464
93
97
143
338
67
368
326
51
228
331
434
220
133
240
239
168
361
364
27
499
205
218
280
482
213
206
391
428
407
384
380
486
51
257
404
208
69
255
3
233
47
210
500
113
428
156
214
156
230
275
104
210
157
146
37
357
206
468
463
287
495
357
378
352
436
222
338
333
31
437
102
211
185
220
51
295
406
335
181
456
160
329
176
427
403
487
171
95
475
483
34
288
248
327
255
113
183
427
101
486
207
254
452
254
171
449
112
337
418
462
376
462
133
416
42
421
141
404
131
123
486
135
246
328
12
91
410
201
453
329
332
494
187
385
342
124
296
334
98
388
8
33
48
205
244
139
376
368
409
378
115
321
287
1
309
275
76
18
347
276
129
97
16
454
80
55
298
386
493
310
67
440
367
279
391
209
218
390
283
237
168
345
269
272
165
360
219
148
16
5
114
318
43
268
157
490
134
156
122
208
401
289
429
303
41
341
295
318
457
181
250
80
326
205
444
318
444
240
33
255
240
11
320
15
456
21
262
496
25
468
477
83
137
79
180
436
236
175
387
116
49
45
183
240
491
154
324
286
153
170
143
69
164
443
323
7
91
197
348
363
37
483
475
469
84
481
245
285
257
189
411
323
497
453
155
134
471
179
474
432
183
221
25
482
103
104
281
406
41
335
342
5
34
48
61
320
146
30
56
374
228
487
275
431
189
46
101
257
405
29
40
40
211
261
170
81
131
287
33
136
373
139
10
230
456
208
221
434
376
158
25
5563
448
325
228
4
464
374
378
10
250
499
400
32
286
163
478
287
83
110
4
195
233
347
429
34
31
142
343
461
232
413
1
455
223
284
41
304
182
411
443
422
484
272
188
248
282
6
133
351
339
254
294
187
393
412
462
418
388
478
341
120
471
337
440
107
290
489
14
485
353
52
392
64
132
171
313
194
160
106
136
20
114
429
302
169
108
175
384
139
260
214
437
10
354
445
26
348
481
336
331
190
378
294
478
153
389
150
310
385
188
31
378
391
268
360
77
358
290
473
414
317
387
172
108
27
164
437
475
348
329
253
340
131
275
89
476
69
364
7
52
489
94
133
208
375
375
487
9
156
468
469
257
48
279
414
74
451
479
471
32
112
338
363
60
344
25
203
306
420
268
291
67
271
106
189
268
422
386
495
34
113
392
387
183
199
117
97
39
315
45
397
376
479
259
328
328
293
68
331
24
257
330
22
43
457
256
199
453
253
435
201
362
396
423
184
151
459
431
201
378
49
412
179
51
223
69
326
140
35
417
82
31
236
362
8
395
357
345
333
387
43
438
200
479
1
85
55
349
163
405
230
81
463
295
164
346
289
207
346
55
341
314
346
150
339
287
61
260
270
19
398
39
270
28
279
134
256
83
125
477
468
6
444
302
496
473
348
339
400
258
101
471
86
268
438
313
328
437
285
494
128
35
27
340
311
193
442
243
170
451
321
380
394
479
207
62
396
352
368
256
9
357
21
358
488
280
447
172
67
49
60
301
431
445
14
282
193
296
124
213
445
319
191
445
325
172
126
20
491
363
155
169
296
225
235
205
158
180
372
464
225
435
117
129
375
42
463
297
306
97
7
162
63
245
444
149
380
431
107
190
453
238
414
284
412
37
383
480
9
486
182
208
150
150
202
81
17
136
68
186
123
61
21
488
175
318
484
402
132
283
284
58
439
197
148
11
111
70
357
498
179
100
236
196
318
79
61
450
275
316
140
496
407
256
344
28
253
295
133
454
156
262
283
77
256
191
29
69
430
424
176
317
202
32
442
225
248
89
100
320
439
59
480
99
103
301
250
198
309
30
225
445
77
144
354
451
147
490
262
415
252
482
402
267
448
164
77
226
13
84
137
179
488
167
218
404
315
57
400
489
387
13
8
273
75
278
282
27
386
169
26
379
427
44
366
277
167
134
484
363
453
278
237
122
326
310
498
338
90
191
466
458
36
335
101
344
369
104
23
251
497
464
326
363
423
399
255
242
246
76
440
104
19
208
52
342
205
438
466
41
317
268
376
473
30
115
12
345
204
93
221
125
250
455
269
39
438
11
258
256
158
368
100
54
108
357
270
375
109
157
277
109
276
399
326
418
99
367
38
164
492
61
496
422
406
222
400
217
370
351
4
313
353
181
316
352
35
427
339
133
427
213
84
119
486
305
351
321
82
106
34
358
477
309
404
106
466
185
461
267
323
199
283
266
173
494
221
482
78
18
443
324
266
496
245
18
380
310
41
13
499
163
332
478
354
169
133
56
497
417
307
156
83
236
496
107
296
369
86
261
451
399
401
231
94
412
384
94
306
188
398
124
54
80
49
100
115
252
19
213
255
80
495
284
480
102
287
496
432
321
64
324
334
497
267
475
191
459
100
460
59
194
440
264
48
12
461
156
478
199
37
1
472
399
95
148
314
44
216
8
84
14
90
147
412
437
215
428
221
376
437
222
156
338
89
441
315
71
383
375
405
13
25
396
268
50
359
383
315
91
47
56
204
147
409
418
493
315
59
406
116
398
400
303
169
204
235
37
337
364
267
208
420
215
317
106
399
377
98
161
129
310
331
304
481
218
483
34
349
294
313
276
469
487
80
400
265
465
192
466
429
81
153
332
349
116
378
98
130
349
308
95
136
390
130
16
453
418
215
354
135
258
294
196
254
114
37
459
497
129
313
317
175
273
98
41
194
229
496
409
32
224
122
252
217
454
191
287
470
463
98
82
420
192
159
444
249
119
328
283
460
435
38
6
279
220
474
349
59
333
95
167
57
203
359
88
304
311
489
230
82
321
430
407
15
336
378
353
389
366
248
184
296
96
387
461
82
422
79
31
5
85
451
472
149
10
19
119
37
473
81
429
299
236
419
447
305
497
400
278
414
42
170
450
3
127
7
381
346
391
72
192
240
24
152
232
220
142
23
326
147
107
148
144
464
432
284
393
62
84
60
425
252
37
129
234
153
264
348
27
141
387
126
110
248
495
406
298
314
401
223
352
355
485
164
47
474
353
413
126
333
328
272
44
300
106
46
315
215
233
461
27
394
306
51
219
252
38
317
227
488
453
477
473
233
28
62
297
415
435
211
192
59
398
295
100
384
249
452
433
441
3
149
361
81
48
23
251
377
452
284
171
284
308
320
361
248
364
258
412
65
358
389
397
500
293
472
160
126
450
19
293
383
93
10
273
70
57
8
272
327
57
485
97
316
388
85
229
257
448
40
301
434
34
27
72
59
74
273
346
129
69
356
302
104
53
278
358
449
470
77
192
317
438
178
107
143
255
26
212
83
12
395
479
140
280
298
494
310
484
348
60
125
470
286
352
261
407
162
265
271
453
299
2
492
347
281
203
313
187
426
374
399
205
425
173
266
110
330
185
58
148
455
427
338
245
306
60
5
228
18
350
462
339
224
491
219
407
432
478
442
358
290
120
193
151
433
142
401
93
269
164
230
477
40
11
116
266
115
100
297
7
474
17
472
208
296
433
280
15
364
196
11
366
349
113
185
497
342
131
463
45
194
271
176
224
136
332
376
482
141
226
317
113
250
421
264
469
454
422
488
426
229
84
50
70
476
309
274
180
222
464
465
211
30
219
356
265
235
37
257
59
29
306
377
394
74
416
362
16
70
414
362
469
115
344
345
65
378
497
105
491
499
165
360
265
47
331
304
435
245
500
498
106
266
486
100
181
34
4
42
466
28
59
216
127
114
342
23
333
347
39
141
195
10
221
3
120
376
275
194
374
450
123
85
183
480
124
455
70
82
389
53
356
122
407
139
285
210
139
308
309
88
149
63
3
367
245
430
237
398
243
314
91
493
482
442
466
228
335
329
10
85
221
113
208
349
349
234
326
438
142
128
245
336
139
47
416
234
257
341
142
364
68
86
126
108
215
155
128
302
480
479
17
13
446
128
35
147
121
106
467
480
297
308
28
488
311
176
85
107
69
80
425
327
321
180
434
89
348
217
331
473
306
429
198
480
162
121
186
147
312
227
351
115
458
338
144
295
447
167
231
38
497
104
300
398
371
80
428
238
86
309
92
53
321
110
53
467
163
292
291
386
217
453
287
370
486
384
352
421
294
76
265
459
208
71
229
389
12
207
383
121
313
434
200
354
437
235
232
11
341
93
304
171
500
403
283
238
433
289
396
31
433
447
356
297
31
371
50
61
298
481
299
135
273
376
257
205
82
500
172
414
342
36
335
418
166
214
186
63
354
449
396
420
238
203
220
214
62
343
113
45
460
486
482
445
469
63
381
14
141
260
484
417
208
58
494
148
18
281
12
462
311
280
452
145
459
148
296
352
49
323
124
10
123
389
13
477
167
67
370
352
9
300
485
404
440
261
244
133
488
45
82
321
434
86
136
433
4
432
244
173
335
367
201
423
497
499
271
484
93
84
34
67
183
220
262
362
430
183
300
407
304
98
400
257
296
24
160
92
375
81
382
23
357
428
287
500
128
484
70
214
20
15
339
28
497
415
289
181
438
27
476
400
27
295
137
77
492
448
468
259
398
23
287
235
423
244
157
274
324
135
146
350
103
282
367
450
421
326
274
492
371
217
263
164
276
453
9
239
416
320
152
142
456
84
205
461
81
373
57
492
339
277
124
10
359
87
441
393
239
277
74
462
198
33
180
166
215
360
406
458
58
47
256
195
189
298
152
237
67
118
86
175
175
33
371
117
85
305
356
342
25
491
60
433
499
248
381
2
192
207
53
221
95
165
89
204
466
57
483
231
8
263
236
206
199
480
344
110
227
284
290
472
389
33
269
35
314
12
1
353
80
227
165
50
3
122
477
441
474
499
411
219
97
468
142
46
179
270
355
463
181
453
414
484
334
443
21
325
150
79
212
210
270
396
339
415
306
419
145
377
481
237
423
301
462
429
450
457
384
231
495
6
413
454
23
417
444
240
335
400
381
180
2
370
74
397
94
93
95
146
273
328
344
442
172
288
323
387
371
174
145
30
280
476
237
97
135
164
192
457
135
206
1
351
119
120
21
43
187
49
55
181
305
299
478
104
97
38
383
156
413
370
342
132
487
369
170
253
297
423
473
374
214
452
279
44
299
100
166
270
481
377
294
183
38
257
339
56
75
453
212
398
416
467
148
260
172
13
164
294
201
377
247
298
112
358
210
500
46
119
245
421
314
450
420
136
322
314
219
18
97
27
264
20
88
261
42
155
30
304
331
276
87
207
371
162
16
151
124
441
252
380
138
481
266
304
240
308
347
135
495
205
236
218
283
466
53
7
440
373
90
138
166
47
278
380
496
70
227
465
423
405
277
20
286
222
70
486
356
399
15
99
430
62
380
499
255
232
419
61
186
305
447
47
226
11
216
413
326
105
140
67
112
167
441
406
304
263
385
410
170
498
455
195
8
108
456
146
378
27
226
8
65
76
74
398
375
225
268
172
17
36
204
196
327
415
404
394
108
345
96
31
147
39
224
110
153
357
336
363
42
101
434
231
380
102
22
301
301
184
242
356
286
482
78
182
55
429
14
201
387
307
287
164
78
168
60
313
70
139
153
22
225
432
143
254
91
491
16
443
103
204
326
134
343
296
27
327
34
133
207
322
228
395
237
19
61
452
433
127
46
318
427
311
307
163
390
6
74
310
327
411
299
85
136
201
155
218
218
412
254
120
395
386
207
450
247
454
370
295
469
92
6
155
141
90
30
306
489
295
198
323
76
322
247
367
25
222
111
432
496
205
464
452
130
144
56
51
424
182
306
206
342
229
228
350
224
486
488
57
345
283
410
356
242
260
292
242
107
492
85
489
116
478
187
331
365
80
128
416
208
359
233
75
299
269
374
239
235
93
170
256
306
197
143
291
82
81
325
371
311
335
308
58
159
347
457
128
6
87
10
482
361
397
270
92
463
369
175
133
311
453
120
280
245
302
283
328
16
85
64
428
13
188
52
22
89
264
436
155
126
88
438
120
276
168
167
71
60
416
284
348
259
487
310
111
128
160
464
377
363
440
155
411
85
394
158
386
453
465
221
136
2
492
381
40
232
92
98
238
221
466
267
82
60
40
63
51
260
242
361
368
403
142
91
355
399
190
269
438
491
198
492
376
324
478
306
35
434
269
92
52
422
408
282
325
73
10
116
159
478
97
71
337
137
355
452
72
448
123
489
13
104
406
473
313
465
171
121
404
173
307
252
245
278
361
97
74
151
334
469
427
48
492
180
98
461
47
361
99
438
437
174
465
396
491
39
389
286
53
186
429
159
249
144
406
343
326
30
132
457
212
206
300
83
236
383
117
358
469
404
418
486
153
329
451
42
247
467
147
197
103
482
103
136
277
178
417
408
326
487
264
228
407
35
48
212
216
133
434
397
63
235
231
341
54
341
306
251
455
53
331
308
238
216
349
109
261
459
356
197
133
219
478
111
149
331
17
353
412
387
491
37
407
431
108
201
337
174
240
326
260
205
389
321
212
88
72
297
134
131
222
86
248
387
101
391
285
199
425
348
389
90
45
299
266
179
455
276
293
437
125
416
400
258
61
426
189
275
40
473
93
145
55
431
402
33
30
124
446
147
410
60
146
201
455
206
308
81
427
228
322
389
359
344
476
286
376
289
352
139
261
153
408
163
459
352
172
7
117
177
230
167
459
72
156
365
483
311
473
11
177
306
333
342
56
111
380
199
172
80
1
18
46
132
300
187
326
217
225
373
65
330
363
486
177
46
18
61
138
217
129
226
463
475
393
56
165
252
35
402
203
262
493
104
11
230
341
130
377
470
305
41
355
76
355
77
218
388
484
9
172
481
412
250
310
226
255
196
41
424
123
314
296
450
443
119
6
472
123
203
322
31
261
101
267
219
128
336
280
180
363
205
420
342
410
226
15
430
314
113
69
346
19
109
335
250
92
265
289
178
421
204
275
112
124
420
100
342
231
259
109
153
290
153
307
465
179
240
121
429
330
395
428
379
50
41
84
353
487
10
288
287
477
215
55
237
67
447
383
318
384
50
107
239
326
434
372
229
250
154
8
417
252
3
152
143
174
439
252
119
308
128
497
152
285
205
206
250
465
376
276
330
211
76
245
357
326
171
428
347
437
329
356
368
300
203
491
177
373
323
101
456
420
205
350
60
195
338
116
139
227
369
462
255
496
294
151
385
231
77
443
383
254
485
258
433
244
154
481
109
276
256
121
199
230
84
359
320
309
438
382
257
155
301
498
128
474
392
290
66
331
6
441
428
255
313
464
48
394
481
80
84
496
367
71
90
202
225
6
131
361
464
238
186
208
137
332
194
319
30
156
380
457
276
481
54
182
34
320
224
238
106
382
126
127
192
439
376
437
105
437
222
337
493
218
27
227
300
447
280
377
59
239
431
190
307
8
458
276
292
52
115
143
120
231
446
234
447
389
145
51
39
300
216
298
41
245
252
2
370
308
459
34
45
121
235
489
321
389
436
161
439
230
100
197
255
336
244
288
328
62
265
290
31
217
62
208
468
455
258
225
223
299
182
360
354
260
360
407
320
453
403
121
87
281
367
69
447
497
101
391
478
308
108
25
9
418
452
399
21
232
319
31
292
203
294
240
403
15
42
262
311
124
136
368
267
30
36
358
9
434
417
354
395
133
326
169
30
307
41
402
90
433
189
240
380
273
187
435
379
187
41
345
110
73
314
493
121
147
71
468
136
22
127
157
89
420
23
472
17
21
125
83
465
140
318
289
43
4
16
467
156
10
213
241
366
286
490
118
7
474
364
8
412
390
488
267
392
181
71
142
174
260
5
153
259
239
204
397
117
334
469
213
88
474
490
325
482
268
99
462
365
493
147
378
226
50
227
150
78
460
470
257
230
380
305
303
275
164
357
133
71
60
243
88
412
221
20
90
118
474
158
372
373
234
296
476
217
21
449
412
209
425
204
120
464
32
332
95
147
345
307
212
448
117
14
14
7
185
159
482
259
86
186
130
493
28
19
341
25
472
37
402
311
172
346
28
196
197
98
475
165
154
280
454
453
435
433
310
427
65
124
72
39
260
76
94
214
492
288
326
91
294
292
204
469
254
302
111
430
187
84
168
322
101
194
308
400
455
453
128
382
369
105
246
441
362
207
241
496
160
63
89
345
12
158
470
406
382
405
213
143
153
494
454
418
491
455
85
15
120
229
463
201
118
83
456
406
334
468
283
439
401
296
77
309
422
350
356
477
392
163
349
190
272
71
2
60
429
497
137
373
128
465
240
132
106
362
222
363
497
43
288
70
336
135
135
23
7
224
442
345
440
481
463
247
411
56
405
233
374
31
205
95
160
23
108
283
111
451
125
469
126
67
68
2
420
408
430
437
237
229
404
331
366
41
12
371
107
144
318
54
497
292
133
167
119
112
173
57
432
52
297
420
30
32
383
355
1
252
183
293
301
413
282
39
474
292
327
52
392
88
340
316
257
490
312
463
391
279
64
356
61
423
216
374
336
59
5
253
335
481
49
102
14
15
35
104
93
55
32
137
190
411
55
454
95
112
10
367
229
1
133
86
394
226
44
97
426
28
393
440
166
236
396
377
462
299
401
316
402
396
424
323
140
302
366
191
272
122
59
21
92
325
132
255
123
198
313
412
54
430
141
355
175
390
461
445
470
434
90
429
373
189
50
144
246
120
443
34
473
128
372
79
117
185
329
301
5
36
154
227
84
358
379
35
340
21
227
382
353
20
87
168
202
320
479
379
30
454
404
168
92
418
353
104
200
93
96
290
122
310
91
23
174
435
49
344
119
398
335
68
56
88
28
348
241
143
486
388
410
104
7
73
399
191
305
405
444
318
196
347
28
426
109
499
246
34
73
250
479
230
268
415
63
419
198
95
366
76
488
475
19
245
202
80
373
457
364
296
282
440
379
80
470
455
247
59
364
470
64
340
268
327
34
16
189
180
495
139
402
449
467
133
264
169
62
46
474
195
2
203
70
178
335
209
348
160
102
379
325
392
26
439
330
395
198
462
411
32
463
493
387
437
166
169
62
129
487
480
239
77
93
6
279
264
58
293
462
347
373
72
217
203
235
371
490
152
424
346
369
34
256
317
347
499
282
196
229
333
241
24
154
27
486
387
334
383
414
474
284
394
372
397
256
180
63
304
62
216
462
318
54
3
101
175
289
361
238
316
392
136
456
46
105
394
415
212
451
247
360
126
431
83
152
198
313
194
294
2
12
349
358
480
27
299
354
302
317
486
335
379
340
35
167
288
2
164
407
252
489
203
484
233
490
85
57
500
33
22
419
416
43
361
96
292
260
4
350
467
383
301
467
316
169
205
432
260
191
386
171
368
145
256
390
305
217
264
209
121
215
387
132
407
39
207
203
256
324
173
159
194
40
308
421
196
458
138
158
411
131
300
86
354
487
397
450
136
88
123
406
160
233
34
351
343
180
142
23
370
40
68
463
319
478
454
418
381
432
236
460
133
59
450
128
356
422
91
452
395
347
380
388
486
360
351
190
400
74
160
109
101
24
105
403
58
71
283
249
182
315
380
15
145
277
416
346
73
235
49
468
258
190
478
294
1
143
57
7
298
286
288
412
189
103
33
455
222
218
239
367
216
114
493
268
409
463
399
7
238
238
328
265
421
425
469
220
424
320
408
459
440
362
77
244
163
170
492
156
336
415
22
151
476
306
193
169
375
471
437
172
350
82
31
89
220
121
5
422
227
48
150
267
139
388
349
350
230
161
1
124
344
150
24
273
347
131
292
239
268
399
299
212
273
4
295
242
106
489
174
474
402
218
444
401
243
387
307
249
350
471
289
227
90
372
428
130
225
160
271
178
36
238
414
424
331
80
159
78
344
497
412
305
482
183
500
382
143
215
3
266
460
149
363
435
221
207
484
277
188
366
413
462
54
192
300
179
433
245
72
491
118
125
463
261
282
171
266
473
301
284
45
308
43
466
239
179
458
297
348
287
182
257
75
251
335
442
214
465
434
292
297
434
99
385
395
241
307
254
337
84
183
239
77
428
299
323
431
203
65
41
154
51
42
328
21
4
304
66
181
135
122
424
51
267
133
302
128
150
375
175
122
470
130
462
467
205
160
384
220
198
258
275
383
5
384
268
334
483
202
158
235
260
461
494
114
238
322
302
74
27
208
6
420
366
226
483
323
3
199
45
181
1
337
271
195
358
137
329
158
11
444
353
466
124
196
390
169
99
51
311
473
301
381
425
56
74
58
301
253
127
143
373
87
429
177
497
222
237
283
358
254
235
328
347
60
64
398
104
381
350
240
104
305
110
351
74
481
208
227
188
417
328
376
345
317
188
375
257
240
435
161
148
30
40
204
240
243
92
156
415
289
266
292
421
491
457
33
30
340
222
94
188
7
66
194
144
345
175
47
408
225
275
444
238
205
11
146
48
89
310
92
144
497
317
224
102
405
216
7
372
133
126
68
498
75
234
214
204
135
418
149
25
138
281
414
389
432
490
282
303
8
229
8
18
90
397
337
199
168
443
241
245
154
337
352
396
105
372
347
474
316
461
400
316
37
414
446
101
158
250
342
230
247
66
131
258
412
160
380
133
468
230
216
173
186
131
269
152
209
199
25
125
263
248
449
245
55
161
428
26
299
459
84
340
49
87
174
388
150
124
140
82
398
498
327
475
251
164
286
145
384
435
269
23
45
299
141
416
145
439
312
351
341
441
365
13
60
392
351
4
229
306
27
52
68
7
302
328
329
400
340
91
424
344
334
145
406
385
429
449
257
311
387
133
317
347
121
109
375
491
264
121
300
206
499
430
403
339
285
128
493
270
491
98
70
419
448
66
89
36
108
413
112
314
36
7
6
475
60
340
454
31
481
479
396
292
170
220
268
16
25
54
235
316
438
322
198
120
347
83
203
410
268
487
235
282
368
498
198
344
457
194
477
289
184
224
125
160
400
123
325
318
193
383
218
224
314
455
241
69
196
176
35
189
74
331
112
454
181
410
201
197
50
268
59
239
83
2
342
430
43
81
384
88
13
294
299
56
336
110
357
217
326
24
445
295
182
149
161
215
397
238
56
47
49
481
414
237
473
274
51
410
305
180
175
214
2
337
485
254
285
330
483
373
45
36
27
465
448
253
36
280
288
152
178
231
198
276
17
5
267
355
337
276
315
210
64
477
35
330
425
103
248
463
132
331
230
392
170
411
268
63
139
450
260
81
220
339
159
335
220
314
27
2
319
35
265
89
189
16
416
333
206
8
340
105
270
27
372
60
313
33
425
164
112
15
243
364
26
92
466
233
427
293
63
47
254
29
255
36
40
428
421
351
53
327
76
292
47
204
59
163
345
171
480
498
185
438
380
455
227
418
376
355
158
44
231
221
250
452
400
160
368
36
11
488
93
389
185
432
149
386
375
357
389
257
277
215
321
324
67
159
251
417
397
363
473
347
201
125
162
177
162
303
476
329
349
360
395
150
19
78
214
54
325
208
82
451
267
466
451
272
209
355
360
53
149
371
44
137
35
87
35
189
175
354
446
69
491
50
146
233
353
233
201
163
324
34
463
493
236
131
205
323
257
500
203
26
300
202
439
406
12
166
52
314
155
58
193
39
142
63
307
212
437
56
393
297
216
183
114
18
410
462
86
476
175
90
470
295
181
280
386
71
29
255
385
481
104
434
261
336
429
134
73
434
277
105
144
33
62
149
239
204
142
60
2
151
39
172
217
326
57
93
418
187
140
414
408
10
284
110
245
370
80
337
145
422
382
412
56
102
301
253
363
225
328
395
428
97
154
343
83
201
144
225
233
266
339
358
94
132
61
114
247
205
491
429
67
30
127
155
63
269
281
426
58
82
467
97
126
253
155
123
65
370
485
448
500
421
161
36
462
105
341
226
418
296
379
265
110
124
42
27
328
393
310
246
303
111
153
149
195
435
391
483
410
19
342
491
227
255
323
448
61
288
396
475
130
327
175
291
138
361
13
77
7
374
93
282
390
136
28
223
239
476
28
200
19
117
25
89
255
309
116
405
234
464
384
268
331
399
267
312
425
345
301
412
427
265
169
406
312
125
65
131
54
368
440
450
463
344
7
65
190
266
348
92
123
355
331
352
41
167
132
327
72
484
494
364
478
134
386
25
9
134
35
390
240
178
370
284
439
76
160
325
1
87
211
212
224
383
142
117
460
111
344
445
357
178
304
477
323
223
248
224
340
347
132
366
225
174
471
147
395
77
379
209
201
162
250
439
14
361
253
366
292
424
246
374
436
147
306
159
158
330
72
151
66
368
338
485
121
496
381
438
162
483
193
367
352
210
32
482
312
169
211
436
217
285
187
134
40
351
133
435
259
271
333
369
346
88
414
274
140
205
474
395
44
346
438
340
447
169
497
44
467
55
170
45
319
387
81
144
414
85
145
287
422
65
63
163
325
329
296
5
286
285
382
220
298
469
290
485
219
283
453
67
479
431
224
119
238
105
122
385
237
191
462
197
83
416
143
340
46
89
91
30
15
95
3
349
104
102
49
193
282
280
377
112
295
29
242
416
166
420
225
284
382
268
420
248
238
1
196
453
326
186
493
377
319
207
335
207
357
475
278
392
234
177
288
315
491
425
76
318
103
39
419
178
304
115
350
152
395
51
270
370
216
90
448
170
279
77
445
186
81
257
367
58
6
54
375
239
125
199
113
420
422
306
174
499
472
421
413
49
66
211
30
95
293
246
437
366
185
46
250
230
69
185
366
379
469
137
376
465
486
426
419
134
393
222
181
126
338
174
217
295
51
372
230
403
168
258
451
276
430
138
288
290
493
365
419
468
41
304
385
236
48
104
156
213
469
450
444
432
177
194
453
491
466
338
356
135
158
350
208
480
78
428
229
183
484
114
268
427
440
259
497
29
183
51
65
459
174
382
360
81
345
461
79
15
340
26
280
430
231
234
230
158
90
360
481
464
207
20
431
378
44
313
177
496
478
9
293
14
193
395
132
168
31
267
457
173
83
27
360
381
462
10
18
86
488
95
458
114
321
371
341
168
356
142
287
308
50
396
358
141
292
253
32
118
182
184
380
160
160
26
234
184
251
381
328
460
273
340
406
93
459
70
374
61
256
403
169
139
230
377
106
180
368
110
201
383
44
188
180
492
483
262
209
58
291
385
92
145
278
67
20
333
332
475
350
205
479
231
87
2
83
236
346
355
30
21
85
174
142
451
256
202
117
311
258
205
346
304
97
228
229
417
124
177
465
253
228
373
23
175
127
460
56
205
182
430
376
275
422
20
54
196
418
492
152
6
96
174
359
136
456
465
480
337
299
54
38
183
218
275
371
438
271
403
202
48
125
94
428
158
60
297
64
113
100
16
133
430
471
4
375
183
37
476
129
60
172
427
318
259
246
Even
