7352
444
410
496
293
412
156
41
380
389
173
176
395
496
343
369
413
184
391
297
321
278
184
293
386
201
291
445
261
39
64
278
371
66
425
386
152
179
300
213
306
309
419
14
100
430
147
482
314
391
4
309
478
409
252
84
433
217
181
368
180
308
294
342
79
319
138
294
475
260
74
397
364
385
421
394
314
403
139
258
154
235
67
98
325
120
119
454
480
130
273
43
190
226
190
205
403
464
255
260
423
434
389
41
72
386
68
262
206
183
12
34
87
313
27
462
115
191
375
101
313
191
355
403
488
41
297
415
163
204
380
359
108
302
216
469
229
171
382
171
15
294
290
359
463
476
29
362
99
478
440
171
150
282
27
416
238
37
231
368
303
12
331
396
185
33
466
9
162
281
241
168
174
272
49
430
240
197
291
165
482
273
196
51
378
3
302
354
139
358
348
461
179
50
230
451
306
189
280
26
409
158
333
483
110
21
413
345
28
127
355
184
435
492
310
65
93
394
155
220
72
104
79
41
335
449
228
459
473
75
90
327
377
489
52
65
448
97
169
186
481
306
17
375
79
418
361
117
382
292
94
494
160
246
174
112
131
446
418
297
391
495
279
251
94
223
52
318
132
91
310
476
413
291
459
381
398
129
70
116
107
68
67
426
60
42
251
450
139
151
386
397
498
9
121
44
143
202
56
245
445
129
24
267
319
317
23
467
190
139
376
276
75
263
479
362
19
94
131
451
75
24
282
218
58
493
10
370
18
430
496
471
307
353
75
368
170
329
152
400
278
305
309
427
362
44
65
54
218
360
129
356
240
468
341
401
462
474
479
351
326
498
269
443
375
229
190
449
424
266
142
450
36
263
427
156
380
4
209
24
176
378
439
259
104
39
36
69
387
106
63
144
211
54
30
402
249
407
227
228
236
437
34
147
389
325
35
163
180
394
472
430
182
221
475
426
408
78
202
76
93
208
428
54
221
11
355
476
300
224
488
484
98
225
359
271
428
451
117
344
472
254
225
208
159
169
294
372
53
252
215
488
246
59
420
476
56
76
161
60
404
168
433
321
386
158
477
383
81
233
265
192
19
145
276
31
184
178
435
25
293
413
443
221
133
152
364
70
336
97
135
48
182
219
340
27
67
333
65
483
485
363
106
17
85
310
65
399
200
92
300
157
493
478
431
360
32
156
44
428
121
139
153
265
218
289
384
62
287
141
394
31
124
261
430
345
134
482
293
484
144
19
119
412
366
471
378
29
95
281
72
414
7
277
483
6
359
441
104
90
53
390
468
486
285
166
419
331
110
412
27
289
488
99
237
291
230
90
388
248
431
252
95
1
194
16
86
5
462
157
69
104
189
361
43
281
341
116
29
91
86
396
131
27
175
323
394
172
467
73
421
488
184
493
242
219
206
183
109
179
270
24
270
91
411
66
116
424
287
177
218
169
376
471
490
346
161
157
170
113
115
152
458
270
45
64
201
222
231
39
200
495
220
141
389
126
203
19
126
182
312
459
272
61
25
472
383
181
495
319
432
329
188
306
126
253
74
260
296
253
93
271
443
362
251
230
64
476
225
162
241
492
159
488
236
63
425
488
362
53
353
351
297
284
368
243
78
315
28
111
290
412
68
295
167
300
136
265
260
226
261
383
117
21
41
253
198
400
228
46
207
245
318
487
333
42
333
44
32
377
199
444
337
407
277
296
39
72
351
59
265
301
311
153
107
418
438
338
114
211
266
342
231
487
211
392
36
56
457
68
90
138
390
202
151
486
454
125
316
11
483
276
395
86
20
304
130
143
37
31
143
172
4
185
53
232
475
478
346
365
478
380
375
412
18
19
93
450
60
442
376
5
36
96
37
71
190
177
418
187
118
12
171
327
236
202
169
287
299
193
490
252
411
251
228
8
50
497
474
101
176
48
189
305
139
295
437
302
194
295
332
304
190
457
448
88
103
210
472
302
90
137
109
147
16
457
411
109
71
457
196
429
472
31
490
224
336
141
225
306
320
139
103
195
49
145
163
79
218
232
377
170
409
110
411
329
316
119
426
128
368
427
241
133
269
141
428
390
170
410
101
267
400
164
483
403
442
470
279
73
11
349
52
406
31
319
460
382
221
184
393
237
18
447
446
305
280
229
162
242
333
493
3
297
343
234
192
58
233
130
118
121
220
176
105
407
433
486
347
419
198
289
74
348
176
381
255
90
27
176
356
385
34
148
305
225
147
414
363
481
187
83
278
131
67
193
113
309
498
309
89
230
291
41
179
476
127
337
471
326
456
268
402
179
465
389
500
1
45
335
79
387
68
63
436
103
234
241
219
368
499
18
18
65
304
456
263
165
483
391
388
27
121
81
444
151
45
306
128
479
258
114
152
13
359
439
55
289
487
215
315
351
208
335
82
183
177
319
39
445
287
123
316
39
460
389
135
74
303
277
385
230
168
322
423
423
153
119
141
69
340
99
406
431
167
233
253
444
306
9
453
470
179
400
88
432
47
255
282
287
198
427
154
218
245
63
127
140
9
287
404
420
219
10
86
199
451
104
194
120
242
199
471
277
112
384
15
289
84
84
102
316
175
168
345
347
251
402
84
77
112
215
305
464
222
59
209
444
38
216
278
479
355
256
457
165
70
425
411
207
18
2
342
491
157
420
168
158
296
394
10
230
473
271
380
435
472
231
91
382
13
33
417
2
185
368
93
79
488
132
326
52
152
13
158
276
69
91
55
305
22
176
354
206
81
431
477
32
60
93
362
112
383
23
39
331
462
248
221
379
50
441
149
481
80
467
382
228
206
269
224
338
231
155
403
486
75
22
335
115
208
358
240
67
88
330
287
192
307
127
136
460
405
36
364
367
153
275
170
471
133
25
41
460
106
464
9
218
240
178
427
56
131
165
141
91
317
82
255
188
72
242
139
267
221
185
130
129
38
354
303
365
114
101
468
35
314
141
49
189
412
369
177
332
148
158
43
419
194
26
309
327
469
220
156
187
217
332
361
35
353
446
124
373
496
419
410
227
197
157
478
76
350
449
461
49
1
194
76
32
110
24
469
133
478
198
209
306
482
197
431
145
489
223
114
272
407
449
414
288
274
305
348
275
286
272
375
405
33
432
327
202
206
498
457
223
483
283
5
38
207
76
481
279
406
380
7
281
404
153
447
483
188
224
455
177
85
123
430
295
216
116
488
116
289
21
287
411
373
7
25
215
117
57
498
186
176
441
105
221
359
380
316
491
253
355
392
251
115
94
335
151
206
295
376
163
480
173
21
455
90
183
272
315
19
287
48
473
399
63
480
128
463
231
114
79
372
272
398
177
103
429
274
417
75
413
22
123
311
182
485
266
223
78
498
168
234
103
133
35
203
417
54
118
492
28
9
181
305
450
357
46
242
308
199
266
499
101
366
463
32
172
371
500
177
404
315
134
258
266
242
418
80
95
493
62
391
420
28
236
388
342
129
7
367
75
157
64
30
195
444
324
102
267
181
29
6
182
132
498
301
442
343
409
102
150
368
380
244
414
45
165
256
367
159
267
462
258
133
437
288
395
437
382
483
191
37
341
135
359
440
120
126
116
300
105
29
429
431
426
346
416
286
326
103
442
194
212
221
292
331
132
401
410
268
400
147
464
128
453
109
12
223
332
23
40
296
340
129
13
259
334
386
289
124
333
436
74
78
207
221
427
155
369
257
20
305
71
207
113
298
380
54
40
309
161
316
442
180
312
58
205
203
485
299
216
259
384
147
107
84
491
337
441
153
236
484
108
21
42
115
372
299
249
240
56
195
24
254
206
352
323
156
14
123
322
66
239
50
457
364
218
35
482
402
380
44
253
482
390
195
291
198
331
490
418
489
267
480
76
121
140
148
483
23
279
316
206
238
196
395
275
295
22
83
121
335
322
65
204
351
462
487
251
60
252
52
302
247
385
293
54
240
420
44
267
143
456
128
181
260
293
340
430
152
175
333
63
406
352
396
82
168
361
441
133
355
69
109
194
445
255
104
254
440
269
115
123
177
438
478
274
168
12
246
231
384
346
411
118
91
214
201
374
191
71
414
115
232
147
49
496
166
96
479
352
20
373
22
112
3
84
179
66
285
358
296
492
169
419
75
447
171
72
363
444
293
303
341
286
465
286
256
94
468
301
341
291
125
374
341
380
266
86
108
493
483
207
92
135
132
68
189
425
125
458
75
164
411
41
318
22
450
142
445
46
254
125
455
64
378
89
271
361
247
249
270
454
367
111
148
91
465
388
271
102
262
323
121
194
195
226
430
82
266
475
209
10
195
264
15
450
108
179
102
470
268
249
173
474
149
86
33
36
472
156
163
15
402
169
69
290
470
73
424
78
178
69
424
41
357
419
139
390
334
326
84
471
230
400
483
53
96
295
447
230
414
478
276
367
180
91
251
393
277
182
8
84
154
35
494
272
179
21
223
240
69
27
474
344
346
77
346
126
44
200
401
217
493
122
147
47
281
496
354
222
310
22
438
186
396
87
422
209
441
319
457
143
212
274
188
409
218
17
13
366
110
435
85
62
14
498
187
227
416
298
63
300
63
368
447
109
419
248
481
486
162
440
255
29
296
163
417
122
168
30
136
497
374
286
177
71
202
17
420
386
493
159
142
158
450
397
114
392
477
365
39
41
464
460
292
107
104
193
455
16
358
368
488
282
171
127
258
410
299
72
438
125
238
276
271
433
197
104
187
44
82
379
132
240
122
100
33
408
473
290
236
106
394
357
80
50
486
335
463
254
146
61
433
48
180
381
290
422
298
62
310
437
491
242
272
366
84
331
356
14
171
272
1
296
366
28
324
73
230
463
270
335
168
124
486
435
126
238
230
381
355
262
312
139
156
131
274
475
274
94
407
485
161
177
245
418
112
394
72
38
400
61
193
29
187
463
448
189
373
403
164
359
370
444
324
229
116
420
119
259
116
296
322
431
427
399
218
396
383
313
13
342
323
442
265
277
25
309
28
222
472
456
284
399
329
309
187
403
151
102
111
303
290
365
159
314
18
392
446
194
2
129
298
192
452
30
18
249
405
483
264
116
320
145
389
105
331
120
71
471
410
260
86
146
60
178
48
414
370
198
254
317
275
68
415
109
170
240
299
203
178
323
2
157
8
465
389
393
263
25
94
171
465
136
87
499
278
242
236
321
54
378
70
164
97
177
293
125
110
214
42
78
102
113
70
417
498
338
426
103
331
345
443
203
491
305
148
68
129
462
152
425
179
364
313
438
227
421
258
436
188
279
269
374
3
308
342
154
162
478
77
188
210
464
51
469
117
150
15
464
323
453
74
450
228
480
485
489
119
114
437
49
387
98
445
387
427
224
164
242
145
15
138
110
228
20
225
15
394
341
300
136
1
495
464
42
482
230
72
33
312
8
367
477
263
221
434
313
77
126
3
141
71
151
460
287
97
191
325
309
403
448
317
334
491
277
105
123
264
25
11
344
274
426
194
295
365
50
75
417
348
73
372
192
11
315
105
330
244
193
11
405
71
240
92
356
141
423
406
169
475
35
486
319
253
144
77
80
297
422
281
157
254
57
277
143
165
171
463
367
143
281
219
389
367
338
371
356
200
239
106
457
42
82
148
75
1
271
392
64
310
105
8
439
266
271
236
102
414
151
367
390
69
87
62
117
22
116
439
200
154
211
141
223
214
204
494
471
378
374
287
371
300
347
432
486
332
495
260
72
490
407
408
363
322
24
420
495
73
363
239
235
248
83
83
447
178
71
420
139
348
53
119
472
461
312
465
94
200
467
370
286
112
339
4
415
138
99
491
181
375
127
150
81
239
298
69
400
59
348
358
119
151
373
371
224
410
248
362
403
154
401
285
80
337
375
465
437
393
97
97
439
49
39
79
331
157
48
98
263
93
140
76
55
255
365
88
418
57
247
488
230
374
493
269
345
36
142
56
65
55
297
85
470
139
405
451
331
224
458
194
356
439
165
221
295
356
118
176
415
310
52
447
305
96
298
62
174
478
394
21
30
280
43
135
438
348
228
402
235
118
263
121
402
469
8
458
16
490
175
113
107
368
33
95
358
248
164
281
206
186
469
39
135
257
480
80
19
104
299
192
298
437
72
256
38
376
465
87
173
249
113
426
385
32
221
456
468
146
44
293
98
217
196
304
125
44
79
210
312
348
284
360
332
471
140
330
463
36
259
88
406
109
447
340
350
38
367
73
79
54
105
302
378
342
500
374
125
50
61
104
254
480
9
247
57
174
59
220
42
320
100
97
363
66
289
142
246
388
104
415
195
360
388
76
274
262
203
62
360
171
289
487
153
51
51
17
105
332
54
400
379
165
363
97
48
329
412
248
356
197
380
306
361
116
280
124
133
280
410
483
165
159
59
125
132
414
118
342
36
339
24
24
270
50
115
85
37
408
151
362
185
3
35
282
139
82
333
13
408
397
101
435
408
191
160
429
440
408
450
181
487
78
213
271
406
271
101
189
439
48
106
165
5
26
433
250
27
358
288
195
286
365
212
104
49
385
344
15
256
302
351
188
349
88
478
10
12
34
346
93
164
218
202
356
243
419
454
335
363
56
160
419
148
271
58
199
292
470
401
115
385
383
385
241
470
259
403
211
139
332
48
400
170
104
23
283
368
190
450
229
473
449
165
496
298
31
61
300
45
27
153
434
187
192
20
73
386
294
347
84
432
104
248
227
192
83
323
202
484
310
469
172
249
231
468
362
132
354
460
350
65
6
300
27
282
312
416
263
333
61
138
257
423
220
134
438
302
468
265
50
106
479
91
292
129
391
61
233
81
112
274
299
55
165
277
311
421
8
124
177
31
363
160
324
219
396
26
313
109
153
262
382
411
406
123
220
470
453
227
110
401
500
461
397
6
66
328
444
56
343
230
121
397
38
30
359
41
245
300
63
239
324
24
270
163
279
263
125
493
178
266
80
422
291
459
37
236
110
286
196
189
334
104
40
285
233
408
169
149
146
228
78
154
463
391
35
205
125
169
463
81
80
230
323
134
224
141
303
181
282
10
147
410
213
47
6
461
456
417
391
358
208
425
252
240
36
321
264
338
69
210
146
422
465
457
100
322
196
299
410
107
365
388
387
264
167
284
351
392
11
89
199
62
251
253
70
407
213
77
77
166
194
158
429
424
163
440
494
345
142
33
455
311
26
257
46
286
212
269
230
326
294
304
375
278
322
322
456
30
160
100
86
364
177
257
477
343
456
49
161
388
199
123
107
378
187
452
491
321
21
187
180
492
237
35
99
305
441
422
429
473
31
356
432
125
229
151
386
427
382
151
257
363
374
209
47
459
382
266
358
37
50
350
177
76
260
66
317
61
285
83
238
261
32
293
422
188
403
276
124
273
143
227
483
201
460
455
478
82
81
70
20
273
454
101
61
480
463
256
311
274
78
214
275
96
426
333
416
67
150
20
7
400
445
212
454
83
212
168
254
219
439
29
208
274
325
274
111
311
178
61
144
310
387
43
8
260
253
239
331
135
447
291
126
391
70
66
486
385
163
54
141
142
248
406
98
216
401
388
488
132
429
374
237
239
37
106
453
260
112
84
406
307
434
444
498
348
457
426
320
266
440
215
293
280
343
293
383
450
31
458
212
310
324
470
380
409
403
307
33
228
5
74
353
365
210
437
295
199
249
479
347
387
496
405
374
415
186
343
469
177
466
402
119
178
172
241
43
405
86
430
389
388
311
121
44
346
91
132
129
46
48
482
371
299
179
318
34
389
216
11
2
293
499
46
61
385
231
276
153
243
465
295
349
288
310
236
44
209
134
279
159
154
45
330
484
284
192
23
159
493
121
306
474
93
49
36
413
412
226
314
59
219
393
497
425
121
230
323
180
76
211
140
183
376
51
292
123
340
492
252
274
51
29
271
451
450
465
286
144
425
457
220
192
400
45
34
396
325
223
263
404
400
1
148
467
363
116
90
239
439
90
417
139
215
280
82
343
84
50
261
338
446
61
477
148
103
78
284
292
430
389
339
101
48
352
323
328
131
271
39
392
287
238
194
286
149
398
364
333
362
158
409
371
218
72
478
415
68
443
125
251
267
412
479
477
378
186
341
305
148
332
133
126
373
409
275
130
298
403
412
2
197
117
402
99
130
47
58
222
230
101
267
469
332
96
376
351
211
320
278
228
274
183
344
302
452
415
187
204
25
231
358
468
25
128
71
345
24
283
473
144
322
300
375
492
226
477
473
68
10
368
169
79
393
36
172
7
154
379
248
168
373
438
339
221
65
434
298
162
489
126
68
109
143
435
485
138
67
223
131
382
352
326
24
495
266
363
42
298
472
386
61
498
88
252
119
469
334
312
410
166
222
58
30
125
87
54
329
261
365
258
157
404
113
229
150
64
56
228
217
145
442
239
465
342
386
373
181
414
324
442
106
164
422
305
339
221
499
274
315
155
42
174
16
398
68
86
306
273
151
87
62
30
483
491
69
51
353
121
221
226
434
95
416
418
5
229
120
420
450
135
23
188
476
479
15
232
494
389
62
95
179
64
448
16
296
341
490
106
214
16
404
260
37
300
82
262
459
240
109
359
218
388
96
438
190
77
150
295
419
272
416
14
408
119
288
252
264
102
434
491
482
79
241
497
476
284
409
145
460
84
488
140
300
149
300
95
208
325
338
422
58
258
73
154
230
360
45
192
156
478
10
350
248
392
308
211
200
79
57
7
133
116
252
405
491
208
81
420
179
77
414
309
276
173
261
443
310
135
167
174
148
464
214
42
292
148
494
120
497
463
239
127
124
295
166
65
21
286
337
337
225
18
206
361
265
417
476
284
386
416
427
10
476
212
122
385
366
103
286
260
491
109
160
227
215
251
212
345
315
298
90
202
352
312
375
189
360
115
218
303
356
40
288
334
227
219
169
49
182
254
1
485
205
32
131
217
353
335
182
319
340
33
77
326
407
112
437
141
114
495
23
298
303
49
167
500
57
125
285
370
300
499
234
61
184
433
299
226
166
398
358
41
378
270
135
26
358
220
55
278
207
360
171
293
307
268
311
275
140
225
405
38
109
396
401
311
475
235
164
49
198
338
195
347
314
14
194
462
277
206
201
190
226
106
301
18
317
329
256
272
386
319
396
3
500
415
79
176
431
184
317
192
233
82
326
135
7
428
195
170
320
96
435
103
28
51
391
495
331
225
479
294
312
456
163
71
488
441
299
402
316
80
400
445
492
86
177
411
498
478
289
422
491
300
186
77
409
172
43
309
243
54
343
209
177
104
11
208
495
367
18
423
470
272
303
73
394
274
16
182
383
416
18
185
291
368
406
434
412
23
403
388
267
57
25
445
6
90
38
182
49
331
335
346
96
339
424
204
214
42
485
213
145
251
333
412
239
486
449
408
358
180
417
404
457
103
268
342
235
359
93
35
204
7
275
40
106
30
365
345
162
94
499
338
69
426
129
463
191
40
334
394
99
434
130
341
360
30
152
261
295
142
348
205
1
138
281
36
422
145
99
330
142
306
251
451
163
110
296
286
439
88
102
221
494
66
214
290
113
380
122
469
179
96
359
349
321
103
161
62
198
171
318
85
416
70
395
176
50
79
396
156
343
288
443
195
208
3
49
304
234
159
61
287
383
168
470
35
331
204
268
358
47
108
94
447
37
146
391
267
487
412
298
378
487
326
81
54
96
266
227
327
449
405
74
437
126
263
257
199
187
468
401
65
184
213
435
152
378
366
106
22
30
250
215
64
388
321
159
486
100
207
104
182
152
20
16
469
157
136
187
184
29
326
208
190
330
206
204
403
294
106
412
184
254
284
185
94
21
169
65
109
317
216
443
107
277
22
343
107
444
312
338
211
265
56
274
409
73
418
11
177
265
218
157
178
496
330
401
380
141
57
211
441
462
492
34
56
79
358
396
317
430
247
252
464
264
105
219
446
4
258
499
306
75
66
303
226
256
82
139
457
130
79
366
349
29
173
211
338
230
223
203
201
496
236
451
107
332
425
469
266
300
37
383
94
448
22
319
114
493
233
402
158
480
314
458
198
51
111
412
408
299
215
126
466
370
71
265
67
495
23
139
364
425
192
132
213
188
491
163
129
196
54
176
187
213
454
378
482
215
499
259
288
160
125
127
93
243
217
47
214
372
5
198
280
298
14
171
130
368
411
214
72
121
418
220
424
282
307
458
267
363
253
201
492
411
221
14
216
212
162
93
482
3
162
188
79
160
108
354
374
19
143
121
134
451
232
197
20
304
229
135
444
256
108
275
141
62
318
66
33
345
29
143
304
404
90
316
272
475
321
174
421
485
15
371
231
223
130
33
373
382
456
468
146
289
289
267
379
479
394
447
71
221
163
189
135
495
193
127
267
158
402
143
215
110
216
85
335
465
160
450
405
104
196
441
500
236
15
10
266
6
228
378
355
85
415
211
433
149
375
24
333
458
131
441
127
50
52
105
483
8
191
1
61
238
473
195
258
466
46
459
389
37
52
114
452
428
129
36
340
405
288
68
12
66
267
4
495
421
481
130
430
129
258
110
460
136
491
53
196
198
364
332
41
25
174
371
490
412
163
110
453
418
472
310
390
104
474
283
425
52
281
337
132
375
474
422
468
62
490
468
423
457
382
100
374
75
346
22
353
158
338
384
316
262
31
14
419
22
433
224
462
145
185
41
205
355
43
310
331
153
30
331
402
131
455
302
8
81
368
67
438
481
313
341
380
273
129
417
37
8
444
373
445
346
154
263
434
101
20
293
270
264
211
167
145
371
164
184
174
113
492
340
440
351
169
70
459
137
447
110
302
255
498
232
248
138
418
113
258
337
498
302
432
359
469
395
324
306
92
160
370
426
98
56
407
21
257
171
379
31
67
374
269
395
323
139
241
129
247
142
234
138
124
209
23
6
272
11
496
332
429
300
226
221
226
500
379
410
479
233
485
368
234
40
478
40
248
291
141
3
200
315
252
329
230
365
277
249
77
156
428
181
83
262
411
88
288
146
421
348
11
362
453
403
372
433
138
101
113
277
48
153
344
91
418
233
133
392
315
216
478
225
25
308
95
103
284
256
320
453
408
204
178
11
78
384
234
155
372
83
405
387
101
497
113
175
479
51
113
184
193
456
404
298
129
409
172
447
231
62
323
194
116
257
455
151
253
115
14
365
464
489
337
322
130
113
230
342
84
351
417
59
127
471
223
296
426
462
483
410
414
217
103
304
490
181
375
76
302
224
133
108
147
444
124
186
265
104
314
116
423
37
410
135
176
263
244
135
331
481
160
60
486
269
77
220
433
421
22
273
5
331
356
134
16
464
299
98
15
394
411
174
110
264
483
337
45
291
1
206
369
362
410
200
239
302
353
93
261
100
167
109
186
13
349
247
175
405
209
100
135
151
100
263
497
57
409
41
434
127
124
57
3
294
101
28
96
124
12
175
346
47
407
58
432
53
49
426
248
154
307
355
367
280
33
36
410
203
68
247
415
439
371
176
489
45
139
330
51
436
204
47
161
122
269
58
48
158
465
219
140
112
52
18
209
7
238
156
447
203
206
83
416
16
179
420
35
175
69
116
106
264
230
68
365
100
341
331
6
150
375
175
254
450
253
386
490
226
14
207
327
17
282
1
172
249
121
229
93
363
337
8
238
362
303
451
498
215
77
291
262
317
85
453
350
365
114
208
194
484
99
434
307
380
422
432
176
49
144
321
496
330
211
235
178
405
453
371
401
44
482
339
403
353
105
477
381
313
422
202
432
489
104
244
301
53
378
158
464
38
415
495
279
316
410
498
420
81
186
109
313
122
270
419
163
155
153
28
349
293
185
261
254
301
281
470
67
264
307
77
436
423
76
360
407
336
447
3
430
426
196
411
34
331
41
7
372
400
224
354
4
98
336
321
18
36
230
411
149
196
221
343
367
116
241
446
367
371
333
103
349
381
321
444
116
483
459
295
171
439
129
333
54
220
47
118
313
19
355
79
121
322
83
190
10
374
176
333
131
217
297
246
489
260
271
457
264
468
462
266
215
56
262
423
269
427
41
264
106
92
432
467
105
18
374
483
273
431
420
92
135
177
459
47
370
41
360
196
377
388
493
490
286
171
78
20
3
54
55
299
419
473
165
35
444
395
185
274
156
165
360
23
215
456
457
476
411
263
234
285
247
331
82
22
394
236
344
495
296
185
88
470
378
169
299
257
227
490
452
499
395
191
134
286
380
1
118
248
197
246
155
235
435
19
401
229
440
264
222
372
358
330
176
491
168
384
200
43
324
391
109
6
325
193
377
330
313
253
248
222
212
314
118
234
20
170
459
248
424
493
199
324
483
279
29
168
397
194
257
173
53
461
277
367
11
191
117
235
87
176
363
348
148
203
222
279
366
124
472
192
353
393
63
86
234
92
348
367
153
264
266
290
369
245
187
466
277
37
262
72
196
362
364
380
16
14
405
157
465
330
439
395
300
375
230
267
451
47
172
174
331
16
39
178
297
191
12
482
59
56
96
441
454
10
43
187
298
493
398
444
110
452
8
214
414
343
404
278
171
390
391
438
208
108
393
90
300
34
15
189
13
446
391
339
353
425
115
313
152
366
33
445
12
386
340
157
428
437
149
419
169
153
269
175
136
207
58
97
422
59
85
197
350
297
62
33
339
202
457
50
90
456
477
291
475
227
147
28
469
93
441
31
441
89
335
401
279
73
419
107
187
17
497
279
263
212
147
475
122
322
420
86
30
243
336
303
219
296
492
295
72
316
76
297
159
14
336
4
452
38
489
201
304
426
301
268
484
379
489
278
161
81
72
253
358
216
141
284
237
169
176
173
476
285
466
322
248
256
221
20
397
138
334
131
276
224
97
194
44
126
61
318
468
390
95
91
68
449
488
99
208
5
358
436
106
471
495
449
363
122
258
61
20
110
268
231
43
403
194
306
301
250
329
105
372
102
394
31
14
447
65
71
209
201
435
378
262
36
39
206
156
381
46
386
74
16
77
463
249
408
468
268
177
441
90
437
200
405
324
47
36
7
212
220
70
76
190
125
295
140
30
254
20
149
245
445
230
206
407
159
299
299
6
200
209
81
52
70
132
355
410
45
152
172
225
119
477
183
460
183
54
477
256
252
114
289
380
240
402
491
108
286
60
484
116
382
13
37
383
355
9
163
7
455
216
290
44
139
269
262
276
189
312
492
225
269
354
482
63
168
388
303
166
32
225
418
323
57
164
125
215
460
10
29
137
443
253
197
241
116
39
353
355
200
14
294
97
220
56
43
349
146
417
243
295
258
484
486
303
311
279
169
352
162
459
83
316
30
311
2
280
499
229
371
28
374
299
118
145
53
77
470
459
500
437
81
433
63
271
271
27
282
26
334
491
348
128
159
129
188
370
143
42
136
65
229
316
264
198
88
427
261
164
176
424
191
431
215
491
464
33
30
108
160
429
54
198
115
314
485
163
221
37
314
301
62
207
10
147
29
310
412
32
227
453
224
212
407
80
423
184
296
59
55
53
251
160
483
146
257
487
411
167
153
1
302
142
209
269
323
216
315
356
394
109
16
29
476
225
340
221
227
150
135
315
218
427
500
362
440
456
173
146
351
193
376
158
83
305
353
165
224
383
165
192
122
32
439
275
393
152
429
187
402
132
426
247
38
161
471
317
173
346
393
344
297
36
270
52
41
282
167
178
281
117
430
21
269
386
156
291
426
436
48
329
297
142
124
383
151
124
72
451
126
50
473
431
475
257
175
47
456
350
143
453
413
234
220
461
474
172
132
453
232
119
40
106
46
7
330
137
415
487
415
116
275
270
333
206
147
327
242
494
193
179
340
197
112
277
265
446
432
472
491
334
283
41
404
229
90
281
303
267
168
259
396
234
452
15
190
445
313
138
233
98
414
314
322
22
52
379
143
401
33
260
247
469
111
303
98
19
54
295
375
216
467
172
23
495
406
330
440
185
430
359
134
183
317
244
417
444
403
483
80
398
177
102
386
190
339
304
364
356
17
169
303
449
87
453
204
324
292
82
134
425
498
318
302
321
313
319
350
19
474
346
377
168
458
100
16
341
404
149
183
495
391
375
366
472
89
438
98
417
402
114
168
409
25
142
201
403
138
401
125
84
276
435
246
424
185
449
460
467
61
386
159
94
152
49
353
327
413
400
319
18
120
308
42
45
118
352
255
315
432
404
57
482
22
71
375
214
295
8
430
347
323
258
24
427
324
395
31
286
478
11
489
294
318
334
353
366
454
375
340
471
167
482
466
306
72
205
448
86
267
203
7
226
146
145
118
431
60
321
80
403
113
98
469
431
480
194
97
147
57
16
404
239
456
233
369
363
213
202
56
12
89
92
66
166
489
313
153
289
138
183
493
100
338
201
67
79
323
187
353
84
270
143
171
229
466
479
273
64
342
349
13
487
405
109
331
81
425
435
45
175
340
77
81
276
88
497
140
434
178
256
393
298
42
419
105
231
197
42
234
284
251
371
294
60
323
465
375
34
26
161
269
463
257
239
325
48
184
410
418
154
280
31
1
244
436
128
493
146
145
4
461
240
55
79
142
183
260
428
298
350
243
431
159
26
125
289
400
354
478
499
409
265
323
495
331
194
217
467
273
174
342
316
121
450
215
322
102
436
442
382
38
104
69
124
257
168
428
436
11
500
25
185
251
401
263
76
172
88
69
391
195
431
452
422
163
57
359
164
267
39
191
438
130
88
244
341
413
377
247
466
364
381
362
431
131
487
242
498
358
139
368
45
89
461
356
113
226
78
14
120
395
363
266
482
227
122
335
489
337
164
468
16
266
202
157
46
33
114
309
29
20
214
201
261
145
247
8
279
66
119
109
422
47
105
195
229
491
59
71
117
198
150
225
14
242
414
133
69
388
481
157
492
91
177
201
66
300
326
458
127
36
126
43
396
199
197
2
163
134
117
396
144
144
103
473
141
271
109
351
277
494
247
469
253
162
452
251
321
310
470
397
469
260
42
14
43
259
267
139
284
258
487
425
43
135
483
240
131
366
375
74
386
109
265
217
71
177
396
268
377
455
138
497
277
272
500
351
121
31
266
263
380
205
162
479
214
115
53
442
449
165
401
180
19
46
299
473
210
337
336
208
91
87
60
190
334
450
75
393
458
114
479
489
279
35
312
50
216
160
387
352
284
295
210
410
208
89
276
41
362
242
33
258
470
269
114
345
34
218
67
438
201
402
438
68
253
55
472
217
197
94
287
112
374
273
386
83
382
234
438
417
324
430
453
127
42
391
253
68
100
135
108
331
335
177
443
454
458
81
414
149
158
136
401
112
369
322
113
413
329
281
367
146
282
331
154
91
29
444
169
261
12
97
479
188
159
405
230
95
490
222
347
473
339
76
367
402
47
255
336
165
128
98
160
151
301
493
292
138
437
255
405
55
62
493
11
20
334
8
278
45
458
118
193
459
479
120
288
384
482
219
158
367
191
105
441
204
85
427
237
203
110
150
367
298
350
470
108
140
499
247
344
425
428
295
151
416
146
14
23
278
120
358
124
290
195
266
289
481
178
441
419
318
385
151
213
18
432
437
426
143
311
50
260
4
393
279
118
395
253
444
297
450
195
453
292
407
232
244
445
86
240
120
321
445
13
375
152
395
481
137
450
62
182
69
366
497
165
110
168
262
176
67
1
461
110
7
232
497
57
345
166
387
260
459
151
474
47
114
27
342
263
366
171
229
159
452
469
164
268
486
480
78
266
359
5
92
448
21
159
105
187
339
481
209
304
391
170
101
434
88
360
18
191
413
293
28
250
191
419
229
487
46
166
487
228
140
471
86
279
266
14
127
425
227
5
166
245
167
353
188
19
281
105
138
317
61
265
174
184
334
314
376
240
279
118
28
217
390
388
434
206
134
459
42
108
70
5
196
172
371
492
21
14
53
183
164
65
451
130
272
429
69
34
421
172
439
77
189
214
161
200
27
420
306
24
208
335
214
432
354
87
256
187
180
170
152
190
96
208
150
300
65
72
23
445
41
236
66
150
456
230
152
91
446
23
377
185
214
439
300
223
104
279
445
183
251
72
465
5
184
372
302
203
298
185
254
81
231
446
19
330
75
122
181
280
116
414
103
12
163
271
344
105
194
293
370
391
428
387
98
141
217
350
472
148
327
289
112
52
194
416
226
219
231
294
290
29
302
325
69
27
169
24
6
476
57
419
224
463
439
367
1
339
108
179
99
62
99
448
82
419
36
56
84
407
195
357
241
40
266
164
119
169
264
278
493
22
55
367
327
440
398
90
488
253
200
129
244
357
71
21
53
61
85
152
184
402
104
387
416
425
122
499
248
123
498
191
391
492
294
79
290
205
110
217
277
391
197
65
406
410
251
141
15
449
335
398
470
210
106
433
200
330
301
206
224
351
369
258
179
78
497
29
373
166
142
62
37
235
347
268
225
424
418
455
93
202
119
164
243
429
445
302
109
149
399
53
260
191
206
493
28
112
280
436
488
243
424
281
16
215
394
64
462
447
345
132
331
181
190
181
499
382
436
87
111
24
109
60
263
155
100
356
31
433
235
331
64
81
61
142
202
472
306
79
208
31
320
39
457
382
471
84
484
65
83
244
350
16
317
127
105
401
412
465
113
107
483
348
389
67
37
3
39
118
48
399
268
45
318
37
462
429
246
55
7352
168
199
216
56
282
420
93
106
43
107
150
397
76
160
274
54
370
225
171
55
355
480
330
454
29
128
56
241
48
425
255
101
367
63
485
472
491
303
95
325
320
240
249
134
373
81
306
344
219
268
36
168
457
468
134
399
3
152
410
344
457
439
410
477
284
73
274
155
381
420
205
372
481
69
194
328
176
281
490
348
165
223
43
250
147
336
279
381
415
306
87
426
103
219
348
69
7
66
269
78
195
428
246
163
493
352
93
126
353
466
490
441
235
406
217
126
431
41
117
410
232
109
204
246
284
261
135
404
65
172
392
272
211
107
223
30
8
155
221
281
100
282
402
311
457
341
138
411
215
254
149
281
323
497
21
48
218
388
409
18
253
425
91
158
107
440
186
262
211
473
487
268
144
98
218
190
188
321
106
419
245
149
237
37
351
170
229
289
231
462
277
215
208
433
164
143
308
97
341
213
154
111
362
304
179
137
471
338
411
337
180
351
126
400
307
28
425
473
493
61
436
61
151
379
45
190
253
412
410
24
462
172
107
168
292
132
88
389
251
286
371
285
349
325
239
108
342
437
264
93
61
275
69
354
199
458
264
262
94
408
225
446
499
275
420
148
251
393
346
148
396
188
99
430
368
405
242
493
402
172
452
478
256
263
194
216
1
279
258
152
401
28
209
363
451
211
241
363
339
226
346
171
153
183
203
139
470
478
208
99
463
25
210
388
303
491
38
353
162
132
378
137
24
155
6
470
134
494
81
106
433
140
229
182
442
259
144
324
263
261
300
33
161
336
361
496
233
496
83
75
253
101
129
400
463
34
80
64
205
34
412
376
109
191
321
453
191
132
10
357
331
13
104
252
212
189
61
85
72
489
40
471
157
408
194
165
99
469
259
330
326
5
251
265
239
498
215
91
61
322
447
359
81
11
107
288
181
352
19
356
193
371
176
325
176
34
497
392
380
135
218
53
267
461
405
417
246
333
343
233
354
362
77
477
405
174
168
485
387
489
383
251
187
477
385
296
306
395
211
265
30
332
83
228
247
472
43
273
331
101
261
427
392
474
320
411
309
63
33
399
254
44
175
24
164
324
353
38
73
463
387
41
156
441
260
429
458
284
403
444
225
242
80
85
314
499
259
77
331
141
212
21
390
81
289
190
389
439
313
273
274
226
426
355
27
114
135
174
260
407
316
339
46
359
278
238
8
49
14
16
419
129
434
428
423
388
25
298
42
488
209
314
450
404
279
112
267
42
366
221
457
191
244
396
287
89
242
88
26
332
150
31
99
494
56
140
457
445
94
30
262
295
181
392
56
154
102
406
143
386
230
38
250
106
471
333
363
395
287
461
441
341
294
334
105
385
480
201
193
416
468
457
329
157
117
77
340
266
420
271
240
297
363
271
413
122
245
53
132
234
267
346
19
186
183
366
482
34
247
174
109
393
340
244
13
289
189
355
154
413
144
103
277
288
417
310
8
498
299
309
31
17
312
278
454
448
140
118
481
212
389
176
111
404
481
36
164
136
289
99
322
500
367
316
91
46
100
428
406
461
13
471
27
389
299
43
205
228
461
190
199
159
82
247
198
454
12
22
427
142
97
493
240
389
396
224
394
172
276
273
71
457
473
425
249
41
356
43
44
116
235
91
183
416
437
315
246
249
12
309
45
346
420
213
497
445
471
454
118
469
116
497
175
217
478
403
273
102
147
375
11
113
233
27
315
367
332
224
388
370
5
418
375
445
240
142
259
5
373
183
354
438
202
175
42
73
165
143
231
471
440
423
182
408
311
36
453
95
21
425
242
477
324
324
17
174
191
9
388
307
450
353
118
266
173
101
465
333
116
351
42
153
451
450
53
211
310
362
285
452
350
87
174
459
308
135
483
45
402
298
167
65
56
174
212
114
32
401
107
489
155
474
354
407
288
385
401
16
498
59
109
440
337
442
138
62
218
171
336
167
66
489
205
469
397
341
162
454
448
311
371
100
485
429
165
398
150
229
149
33
310
57
179
388
119
66
484
24
297
48
72
472
417
369
212
117
37
243
61
200
261
497
63
252
34
498
497
50
391
115
453
464
42
347
347
219
269
418
379
439
197
295
325
415
80
120
397
203
367
187
76
459
340
393
363
500
258
31
150
250
477
302
421
24
42
374
454
146
241
223
488
1
91
231
305
437
211
192
237
377
135
313
412
37
383
80
481
372
230
348
122
78
374
193
421
352
39
256
208
112
392
125
69
108
162
29
164
450
317
422
7
346
282
325
1
299
334
50
154
324
278
167
91
455
360
215
117
222
285
211
341
250
250
372
403
438
471
388
448
84
84
421
251
305
483
168
122
472
39
187
147
44
149
286
26
37
380
165
58
13
131
103
232
459
94
108
211
273
309
335
423
414
355
147
101
144
22
409
240
348
97
495
55
305
79
364
354
31
182
11
358
80
253
450
254
277
222
488
248
315
317
405
337
226
229
374
145
262
500
216
283
292
484
149
102
385
405
426
308
186
318
108
367
97
496
162
454
180
293
313
122
471
146
171
316
440
136
335
36
111
17
61
398
436
351
426
312
209
206
118
75
477
12
434
424
191
231
370
202
81
30
187
209
108
144
171
326
61
126
481
144
110
212
441
26
183
352
326
61
333
198
334
89
357
16
79
377
2
486
47
55
496
487
230
457
328
363
496
379
85
332
226
423
81
261
399
111
50
141
164
189
237
66
477
64
293
94
300
271
334
222
19
268
272
122
225
123
230
165
43
269
183
351
364
496
143
396
491
352
276
203
306
421
210
281
316
360
186
493
292
380
278
94
324
455
317
300
82
358
369
327
310
181
139
137
344
215
448
418
370
394
254
207
362
232
498
124
314
23
259
343
169
458
380
71
401
193
112
45
3
377
359
259
39
94
378
183
110
244
64
231
11
349
432
475
405
265
90
338
103
322
441
90
457
492
87
352
423
45
201
305
197
482
155
176
249
486
484
205
270
403
99
481
394
256
108
252
15
14
430
228
83
484
71
164
97
26
167
325
225
292
375
348
331
100
321
155
137
466
256
498
227
153
33
467
496
288
317
229
303
139
243
445
311
59
430
119
221
420
80
31
75
370
451
294
27
388
205
435
390
438
75
272
307
225
474
490
119
277
373
200
386
346
403
125
274
448
262
176
429
302
370
274
469
455
160
39
411
56
387
21
140
233
132
350
340
394
234
488
153
190
308
344
164
228
124
13
48
255
210
19
236
88
85
368
44
478
155
222
488
294
371
144
167
492
380
127
486
274
125
165
498
488
307
493
105
82
16
116
489
195
102
4
223
307
202
3
51
327
479
13
33
192
217
24
148
210
162
125
19
204
335
279
436
75
246
46
393
463
341
74
306
341
203
75
22
138
203
439
246
164
225
362
8
376
121
438
358
333
79
290
449
1
300
5
69
426
328
109
263
355
317
448
278
156
145
476
429
236
17
355
10
159
196
23
383
269
7
397
401
454
166
119
9
43
233
340
132
110
65
404
133
74
178
14
190
389
347
98
263
168
424
151
153
465
33
70
191
212
51
413
321
128
436
68
179
348
180
42
250
94
207
152
484
360
430
90
224
440
358
291
226
135
188
44
369
401
491
392
248
491
493
431
423
425
344
57
475
19
94
443
405
391
323
97
403
18
475
415
222
85
33
230
256
470
350
205
386
224
443
205
338
95
141
271
66
418
267
414
413
256
431
266
199
137
439
235
293
318
4
154
323
83
488
342
282
202
424
255
334
114
125
161
164
437
219
255
190
230
405
135
308
39
316
167
323
156
3
342
17
102
32
117
216
291
77
240
7
449
39
205
439
242
272
484
136
16
388
58
56
194
489
452
141
240
327
158
434
275
418
146
468
233
309
343
139
452
321
408
421
105
372
235
472
357
372
366
100
132
126
449
155
466
67
385
348
299
149
129
427
199
69
23
38
399
426
297
198
347
135
251
270
213
145
294
214
95
86
223
60
389
86
46
451
78
260
305
492
421
67
485
166
207
440
57
239
324
107
498
245
268
68
451
295
1
23
361
200
123
318
471
162
263
344
369
32
81
368
78
311
204
483
396
171
300
393
495
486
437
215
143
254
462
495
173
224
133
87
444
102
494
399
457
484
411
437
40
147
199
62
154
227
370
275
5
147
22
383
311
496
20
236
219
275
238
358
184
284
466
383
352
324
87
206
63
219
203
499
418
151
94
283
414
445
142
441
337
229
25
336
99
361
287
345
258
127
240
225
490
425
262
473
417
98
24
290
215
455
321
411
336
136
20
162
443
124
317
499
343
73
220
156
12
425
249
46
493
27
348
189
402
49
359
195
422
465
183
75
314
432
164
86
48
119
194
208
11
22
229
135
471
404
171
200
287
320
138
139
276
237
489
86
83
165
308
135
223
13
288
219
368
425
228
126
94
19
183
460
499
361
371
327
26
160
56
292
138
449
422
308
33
483
167
303
203
492
265
196
164
424
116
123
353
140
97
97
321
144
168
259
59
22
352
497
476
256
493
435
50
485
149
153
118
461
72
204
184
392
134
485
206
456
323
474
173
115
344
125
381
298
101
188
178
425
355
119
271
225
279
325
3
424
52
26
487
461
230
106
363
343
384
460
125
368
65
218
196
422
63
76
410
26
177
428
434
358
240
412
26
44
81
263
428
42
405
311
143
265
153
109
117
302
209
320
240
80
13
123
446
7
188
244
73
311
449
78
402
112
347
392
402
82
204
365
439
58
242
324
246
384
347
424
484
201
259
424
67
432
128
138
351
368
418
215
106
5
121
355
237
120
236
406
421
179
56
266
23
314
298
285
336
371
318
80
245
83
21
202
479
429
474
266
130
391
1
368
316
289
112
90
177
378
244
224
14
453
332
35
291
40
297
431
131
420
326
100
272
182
123
225
11
178
142
304
165
106
301
30
491
226
475
364
372
390
397
313
198
334
369
427
65
53
395
140
376
61
489
265
368
276
369
445
123
464
405
480
150
29
10
207
300
132
410
497
15
196
77
321
312
481
339
183
323
280
129
241
77
81
209
162
183
494
467
430
88
422
254
361
107
394
445
302
358
463
392
4
115
103
479
396
393
170
429
94
403
27
205
350
445
169
318
448
460
100
142
111
109
87
242
131
302
27
132
87
345
184
14
137
318
432
451
1
152
222
368
241
187
460
449
480
145
220
397
158
418
165
64
350
347
14
321
411
344
277
245
201
122
6
359
462
369
35
265
130
161
36
24
55
360
132
220
273
432
302
394
285
179
82
135
434
489
292
334
205
225
28
63
250
209
33
205
88
75
144
333
122
53
284
404
257
450
446
446
178
382
323
389
144
293
275
194
63
375
147
103
188
145
112
338
21
60
113
218
133
354
198
84
453
127
6
473
118
489
120
151
80
312
116
397
360
433
416
209
325
150
306
473
293
232
404
190
470
97
315
314
333
433
426
465
447
68
343
34
191
148
276
95
273
250
76
467
197
4
325
304
488
246
161
335
111
337
485
348
273
400
74
458
251
40
92
255
216
31
6
25
68
105
71
355
310
170
15
279
245
480
261
24
284
373
321
339
39
342
75
326
30
488
227
194
460
250
68
28
153
116
107
352
12
231
341
273
260
419
125
16
371
82
141
267
29
53
413
250
224
274
70
194
93
177
284
158
91
356
482
339
316
140
283
479
11
309
150
187
77
166
191
3
417
489
369
279
328
410
465
115
215
492
225
239
158
168
467
5
305
303
41
89
262
326
249
335
314
81
341
188
207
169
24
223
244
427
17
251
239
187
278
119
339
226
126
405
369
356
331
396
369
457
378
500
323
391
353
316
217
105
307
104
349
119
57
289
251
439
381
423
15
88
299
202
377
394
355
152
482
286
281
338
472
375
329
178
179
454
155
78
3
158
500
168
382
365
376
237
490
440
292
59
428
246
380
359
500
469
361
157
5
213
399
476
126
105
178
430
178
455
40
496
285
448
12
194
124
62
51
439
23
204
251
216
371
456
221
7
377
271
207
214
490
365
408
442
266
263
132
112
449
287
39
399
382
476
47
64
405
471
489
138
455
433
462
180
306
135
419
342
488
356
427
261
98
75
381
264
296
257
24
296
258
317
356
2
159
79
72
304
339
295
363
195
412
161
484
261
270
6
384
391
492
192
259
265
163
234
355
373
217
7
334
458
18
298
400
394
455
116
48
420
497
202
255
9
166
178
51
393
411
453
483
27
365
223
400
326
206
86
195
430
13
220
234
286
390
369
14
319
271
6
391
139
127
57
447
97
32
13
441
246
242
49
425
318
52
425
118
332
459
252
436
134
103
330
272
213
120
427
14
25
46
353
217
145
192
71
183
403
207
458
79
348
337
413
292
43
13
489
192
67
411
420
191
114
19
24
463
121
190
346
276
263
81
104
321
175
486
317
277
318
367
421
429
153
474
470
459
87
455
57
280
75
16
325
103
6
146
121
376
260
302
37
129
78
275
321
180
411
176
66
395
123
319
422
166
194
431
462
94
254
499
391
24
405
111
159
84
497
480
490
271
293
310
121
204
169
249
334
390
79
74
322
240
190
363
449
152
168
198
164
230
163
376
269
113
404
13
155
10
416
452
363
380
316
96
304
73
453
59
369
147
150
376
462
489
218
352
273
177
342
489
322
326
311
378
497
490
340
352
448
69
487
423
341
263
290
394
294
420
254
36
108
183
192
346
45
304
420
457
72
366
16
170
172
134
469
231
276
289
241
454
174
234
389
144
498
23
305
466
478
274
487
296
112
261
425
8
180
151
292
287
152
294
6
191
78
90
139
448
282
176
75
353
142
460
115
132
330
417
159
206
216
90
477
168
385
334
177
78
374
58
186
230
43
263
456
26
498
451
450
384
427
184
226
303
31
104
241
418
7
229
499
5
293
193
412
104
199
442
253
460
179
307
321
365
187
195
194
470
457
384
421
221
155
341
71
158
282
213
346
155
436
18
261
58
20
305
80
455
366
441
383
482
380
380
133
13
333
191
325
290
65
229
394
283
230
338
161
180
342
91
55
6
421
102
197
111
22
16
208
233
301
158
149
252
177
4
232
221
457
391
139
8
237
11
354
147
411
449
139
287
271
478
408
280
169
347
155
59
150
145
416
180
58
287
206
290
484
216
188
369
415
215
322
499
454
45
261
380
420
236
211
285
2
170
204
405
426
166
451
493
192
325
386
369
92
54
34
392
123
382
9
307
75
190
141
343
87
427
162
327
491
200
229
61
230
476
312
460
178
395
290
327
65
279
376
39
498
223
385
214
250
180
136
120
437
473
320
144
440
321
34
112
258
237
499
122
208
243
352
217
230
241
479
44
480
351
222
279
169
284
492
181
156
385
393
91
473
252
288
93
474
128
80
298
443
270
138
482
387
408
419
17
498
326
194
160
413
49
186
360
142
111
249
243
261
434
464
461
122
195
123
416
204
7
77
121
271
32
275
432
408
409
38
300
263
212
39
163
197
374
458
379
159
174
350
221
286
110
196
5
46
77
123
480
415
226
29
470
375
111
129
36
162
148
337
249
218
164
98
217
152
216
98
123
261
43
314
424
114
337
2
405
123
399
63
273
342
217
256
381
137
51
332
349
237
472
471
428
58
465
191
494
452
306
407
118
108
78
377
50
321
339
198
377
231
145
283
27
154
457
89
245
482
36
256
337
290
246
401
399
462
337
215
418
484
53
337
40
12
49
371
448
356
441
143
18
152
327
119
410
361
145
20
35
41
237
357
367
92
133
230
83
378
450
296
185
73
207
340
362
21
366
276
287
402
458
174
35
119
469
99
162
50
82
495
274
120
432
324
311
267
293
252
434
433
337
72
455
417
259
199
159
450
390
209
1
452
358
18
449
340
466
247
3
146
470
4
139
186
38
111
113
500
222
385
328
177
326
38
152
388
101
59
404
117
457
413
180
337
477
469
288
303
260
300
393
380
271
180
101
418
114
24
221
466
41
489
109
464
384
466
456
176
142
324
325
276
255
467
314
398
244
184
195
216
212
325
101
149
445
430
497
230
399
70
283
110
73
17
271
492
457
453
199
324
464
457
433
153
219
481
81
498
366
402
238
279
9
49
29
287
334
499
398
24
480
325
411
439
338
333
149
383
115
325
433
229
154
267
345
434
314
146
99
417
232
125
483
331
314
354
298
269
184
87
353
209
182
221
301
146
168
225
325
494
91
332
423
161
365
273
100
300
444
151
370
204
104
462
295
150
334
120
288
20
18
153
77
134
273
286
125
266
292
140
347
349
124
41
215
80
99
61
478
272
397
26
280
402
144
464
180
154
114
329
195
371
224
302
15
217
137
69
280
311
449
263
284
440
156
223
358
161
127
324
373
88
69
169
347
36
131
93
106
265
322
494
236
263
23
330
259
119
321
308
164
386
419
349
75
491
221
101
217
212
437
201
190
113
219
351
138
321
50
294
244
485
414
316
305
247
138
352
76
140
438
329
446
274
231
71
117
254
488
160
338
342
350
234
484
10
64
31
445
133
227
6
151
355
405
330
271
231
277
153
354
84
220
347
174
12
280
417
50
360
405
97
254
114
372
476
348
1
288
479
475
297
448
211
62
467
148
144
387
140
208
113
302
314
239
498
76
247
186
42
73
207
192
481
186
380
433
486
49
445
447
99
182
296
101
294
150
329
439
234
295
89
364
207
360
408
303
319
245
451
5
235
374
449
240
34
288
101
185
297
357
98
200
45
145
491
112
318
170
181
166
312
217
499
188
180
183
440
275
408
63
497
86
276
383
272
42
90
194
64
238
389
340
139
380
403
408
405
423
472
71
439
141
143
467
221
32
196
116
296
496
491
315
28
316
261
221
322
306
364
206
258
86
38
439
189
127
19
75
94
133
88
365
423
231
261
211
379
185
310
198
206
146
251
58
49
367
25
102
476
228
104
382
422
285
99
341
393
269
235
486
47
151
65
31
213
249
424
491
414
150
311
70
123
5
175
390
491
112
32
310
158
155
63
300
437
433
389
427
173
234
362
172
147
199
336
409
232
179
143
109
409
447
306
391
288
452
381
365
18
290
160
288
136
317
79
410
445
272
147
233
374
333
224
395
207
291
269
12
334
85
42
163
69
480
105
418
423
160
481
181
107
17
387
5
450
180
46
374
21
257
430
186
276
487
302
438
6
411
19
64
145
302
469
387
17
426
342
354
241
489
281
372
45
417
405
216
332
432
39
310
246
68
106
326
383
24
210
61
216
493
119
92
454
183
373
72
149
372
125
192
110
19
87
440
137
407
60
26
278
95
126
285
11
246
314
278
179
12
306
489
426
83
273
412
286
216
320
5
330
386
111
235
29
470
385
7
250
474
426
179
260
195
379
278
309
202
291
78
232
130
328
220
83
284
72
390
47
437
248
468
307
449
336
20
32
333
321
131
125
314
111
314
33
486
286
335
54
156
101
345
5
407
150
231
116
389
33
123
110
126
352
440
433
496
240
250
38
133
110
494
488
444
437
27
143
370
459
267
209
117
83
496
296
459
27
422
8
392
52
321
334
350
300
201
31
31
410
446
226
286
204
291
174
187
410
119
316
463
427
290
355
319
266
466
63
38
104
29
292
187
364
100
61
126
88
71
421
202
351
404
274
52
324
190
132
83
62
497
57
331
93
416
303
304
326
328
312
380
271
80
126
309
354
263
138
150
124
57
480
2
322
311
196
383
460
262
120
116
83
399
186
36
317
240
234
324
326
157
273
176
226
204
53
491
142
215
493
478
401
277
299
466
352
83
317
362
434
13
114
215
419
430
315
187
367
320
271
273
211
90
47
123
175
91
370
28
371
92
17
277
449
318
403
202
433
97
141
98
181
346
449
479
122
172
180
388
399
295
154
401
261
298
174
113
320
406
116
360
150
192
200
493
126
412
155
87
37
105
384
391
37
109
9
68
109
417
261
275
141
121
424
3
355
338
386
446
296
258
128
95
319
114
236
468
31
479
464
268
147
434
450
260
106
302
415
78
216
92
442
127
274
122
368
284
110
122
31
278
467
409
160
414
313
200
314
482
72
311
84
133
279
281
211
419
180
248
18
226
23
290
35
454
456
114
279
55
62
317
269
256
182
296
223
212
285
82
194
157
293
128
74
50
167
25
271
470
75
173
102
315
473
330
267
298
293
109
64
360
278
407
107
373
355
452
442
181
298
429
460
415
107
238
43
184
373
195
181
278
392
112
484
162
3
409
248
223
408
163
483
179
315
53
99
265
40
323
12
313
133
209
12
58
492
49
46
190
482
66
123
451
78
265
224
209
428
118
152
135
253
437
129
56
304
91
468
24
320
299
410
45
370
401
82
300
194
94
336
28
49
39
295
492
64
184
180
454
230
362
165
252
325
377
473
364
479
184
213
273
319
34
427
48
229
1
286
125
440
15
99
394
203
205
35
294
469
49
387
40
150
16
365
219
110
116
32
434
141
136
351
33
113
22
103
475
189
310
164
255
454
457
106
101
340
213
177
350
306
96
410
92
103
281
53
56
410
398
77
327
57
76
111
52
142
482
303
480
15
344
143
460
492
212
190
300
467
190
294
45
364
410
183
345
15
424
373
203
16
275
112
77
249
376
115
2
470
177
482
181
466
178
289
369
374
380
242
487
461
189
198
366
204
441
26
275
207
70
41
463
115
464
326
414
218
275
396
158
66
113
396
297
7
269
232
6
393
30
343
19
450
190
149
120
164
170
281
230
42
471
241
322
190
431
26
66
104
354
78
318
1
4
150
433
202
408
38
411
400
368
44
239
369
196
479
478
446
105
446
38
221
194
497
470
294
109
109
183
82
152
389
84
395
428
388
431
107
360
397
219
290
435
153
175
295
227
236
249
233
126
225
400
292
311
120
24
244
355
418
451
356
286
436
301
76
244
325
333
313
464
258
247
113
28
7
108
356
236
132
144
317
206
353
31
451
431
412
63
245
459
46
477
420
175
389
152
112
400
277
295
117
441
137
499
109
253
149
36
307
123
11
41
98
139
314
148
173
378
139
341
175
355
95
498
76
488
195
259
43
308
120
367
394
254
158
179
96
284
408
337
485
63
232
402
289
190
233
110
467
491
495
220
304
461
260
328
269
384
261
88
466
99
451
279
121
120
425
275
479
15
63
59
146
105
353
101
344
248
433
497
420
207
310
489
307
430
414
129
434
104
233
364
55
11
290
94
322
483
437
294
247
296
318
16
161
224
296
347
489
151
399
345
461
237
489
51
48
239
100
8
452
392
21
143
224
387
316
113
384
486
172
369
51
97
70
158
251
277
210
151
247
32
290
18
174
325
332
28
424
323
243
198
363
155
434
180
140
275
149
130
488
357
57
124
115
108
218
248
36
43
315
272
378
456
211
93
66
329
443
14
429
357
361
458
315
125
4
433
491
475
182
331
458
437
223
3
39
471
183
171
363
147
435
481
342
53
180
413
190
442
198
26
17
491
409
312
179
255
171
420
410
439
286
260
133
174
395
65
227
392
372
181
13
364
170
155
428
181
64
327
178
275
445
48
191
107
444
160
31
245
19
298
139
31
425
219
498
207
258
335
155
498
73
152
417
475
160
58
34
90
200
38
481
306
208
192
59
99
45
19
449
378
256
239
216
379
52
34
349
236
50
173
264
308
431
152
220
243
285
385
382
66
290
378
304
247
122
497
273
486
457
44
259
287
394
462
244
475
498
400
49
106
256
51
244
408
85
219
94
33
401
186
431
112
186
11
259
31
341
28
73
60
119
219
53
395
396
372
423
147
208
378
143
377
316
149
157
185
432
183
395
368
363
483
465
327
175
445
213
457
203
129
71
8
435
88
417
382
304
13
137
408
113
102
91
280
170
262
330
275
475
263
334
369
405
445
92
77
397
329
455
174
266
180
380
44
82
264
173
70
232
461
238
172
237
250
268
496
50
11
439
53
18
364
28
132
73
383
56
437
177
166
253
298
136
289
203
419
31
198
421
80
146
92
130
172
373
425
91
72
119
380
429
261
266
320
468
392
489
375
374
138
190
241
378
88
126
207
492
1
42
250
319
223
264
45
218
16
261
428
52
405
291
409
166
450
318
317
223
169
255
487
225
258
68
240
231
96
232
71
439
274
204
77
237
205
187
45
337
165
191
226
378
66
185
493
272
176
203
166
5
364
4
92
112
176
468
477
19
279
22
69
328
250
89
498
463
454
303
232
366
497
229
139
254
100
96
414
90
423
84
404
170
313
132
230
189
448
185
287
4
377
56
173
407
473
328
37
487
387
264
294
363
277
95
171
219
463
129
6
239
195
78
158
85
463
55
353
347
302
328
11
480
369
326
318
197
267
229
407
23
223
42
111
20
230
220
75
279
170
77
266
258
268
355
220
375
103
141
344
123
174
92
336
235
88
96
481
444
224
220
346
127
103
165
254
163
122
208
246
76
349
18
97
464
90
118
94
291
448
437
232
163
92
298
18
450
145
337
406
278
104
94
316
328
103
69
240
417
127
488
352
150
1
113
437
362
453
276
213
258
359
373
105
177
487
361
113
457
93
123
193
414
251
319
101
382
86
37
137
255
355
495
313
298
309
262
132
437
17
84
348
136
339
124
219
107
209
45
198
260
287
184
110
484
201
2
391
177
180
259
240
412
43
105
290
456
458
273
495
220
30
415
119
268
425
229
86
275
166
447
304
302
224
246
192
497
26
275
212
352
478
413
439
400
76
211
22
4
56
321
349
438
33
183
143
343
116
490
125
392
408
498
119
144
43
283
104
63
130
330
155
180
396
229
256
419
473
81
254
185
266
292
104
125
292
219
254
93
121
425
1
262
460
54
219
145
97
240
434
184
154
320
105
365
277
329
472
385
421
270
284
152
177
261
42
469
260
140
6
101
276
271
298
342
178
320
65
206
390
25
362
431
288
169
88
342
10
290
331
395
14
262
458
308
360
227
360
32
393
217
15
452
199
284
399
314
410
40
380
107
285
370
299
427
333
136
62
204
366
284
380
395
46
217
243
298
388
384
126
91
416
139
135
486
445
60
6
28
280
469
92
312
122
415
14
415
201
257
154
122
113
135
85
167
187
448
432
90
300
202
356
115
447
481
48
42
28
15
445
263
476
339
102
372
362
360
411
276
217
277
65
397
317
279
32
454
488
39
395
296
345
318
141
359
3
363
409
73
228
85
381
431
71
286
369
184
340
432
166
299
159
307
18
357
183
264
62
88
173
360
499
87
94
236
155
127
173
262
79
187
18
326
262
36
175
11
125
363
202
481
55
493
197
479
109
270
214
301
26
25
81
438
325
311
240
420
444
127
479
117
341
447
478
493
71
102
445
478
350
10
477
289
81
40
433
178
430
331
304
436
490
337
410
130
62
242
230
22
272
195
499
485
163
274
191
376
154
10
273
30
245
241
251
146
317
258
380
263
162
144
481
243
356
189
479
278
499
170
325
34
141
136
363
245
209
192
278
197
213
354
104
343
185
71
344
62
375
246
139
171
348
279
358
92
361
196
312
38
471
452
84
428
385
444
149
297
76
324
426
70
125
364
216
405
138
253
95
22
147
280
112
357
12
426
66
305
33
102
357
44
183
435
36
71
145
373
115
166
334
203
392
185
313
395
467
369
177
371
485
290
324
13
137
470
179
286
114
367
347
487
278
383
274
392
425
393
429
322
31
443
98
397
147
35
367
167
495
303
373
296
57
154
152
59
477
273
195
238
206
142
37
459
15
140
55
427
194
300
249
71
443
381
445
25
108
336
289
396
354
442
310
89
216
470
437
432
103
370
19
259
149
134
465
210
344
101
201
203
439
462
224
192
73
139
77
244
102
128
160
407
138
490
332
258
493
50
296
175
29
462
132
217
431
95
156
372
185
490
97
333
449
45
92
190
96
421
13
189
326
319
24
398
189
200
388
186
429
386
380
344
422
492
392
207
162
101
73
218
114
350
9
345
472
58
271
191
103
268
185
282
75
109
333
139
461
275
425
346
15
33
467
431
237
420
61
178
455
308
462
271
327
161
292
254
367
353
61
349
344
235
261
60
374
321
286
257
300
91
383
234
420
73
83
428
24
35
198
482
112
28
197
171
196
408
83
13
23
82
84
199
10
287
418
30
286
301
392
160
85
77
479
349
312
192
145
59
38
204
356
86
409
132
383
338
353
382
428
230
83
317
494
229
397
167
11
406
364
419
111
372
391
92
48
492
18
124
337
281
199
464
481
287
269
242
368
36
495
31
245
152
160
418
112
407
240
391
213
1
280
1
255
421
360
5
218
251
490
19
202
449
394
26
300
397
497
276
448
441
452
396
273
16
25
417
398
473
57
312
271
474
389
301
99
108
131
287
197
213
437
382
18
423
421
291
349
43
464
439
158
222
173
32
97
214
139
1
360
376
195
301
176
315
351
368
497
323
99
342
390
111
131
181
191
171
383
334
57
258
319
327
383
102
338
100
368
289
193
368
218
378
278
471
459
185
256
495
11
252
186
467
184
97
475
368
125
365
228
435
475
70
77
468
403
49
384
159
150
86
48
412
423
277
290
197
381
411
409
400
369
66
347
190
159
154
397
431
226
181
280
83
127
362
439
430
482
243
89
130
59
484
295
495
344
268
123
180
416
327
248
416
145
353
342
129
411
271
447
354
365
332
371
425
41
331
61
157
115
168
146
240
432
177
399
155
381
423
433
475
271
250
133
346
377
153
23
295
317
28
470
109
285
468
265
50
454
229
182
337
432
336
496
117
472
494
316
289
205
42
256
42
303
331
243
180
411
411
118
9
392
220
204
55
415
299
274
249
401
387
190
182
67
340
401
406
151
74
97
425
214
186
116
322
74
235
195
217
301
33
259
461
353
216
481
170
375
336
334
370
186
290
42
203
209
70
499
102
273
367
270
219
490
193
377
234
486
238
348
420
231
333
246
142
122
235
196
236
392
3
253
210
218
166
26
346
341
436
416
301
383
46
56
235
426
293
455
242
34
147
355
371
115
370
91
149
281
418
66
366
8
229
384
380
480
238
289
113
417
133
274
20
412
439
247
317
374
177
387
307
267
499
139
32
143
8
22
485
369
21
271
429
389
396
205
69
188
91
135
498
391
5
163
223
449
433
294
281
229
37
163
344
464
94
209
140
284
155
303
319
483
344
237
155
140
78
445
332
118
340
105
163
320
92
249
476
412
449
190
198
364
49
52
222
33
471
273
500
266
436
310
94
170
230
39
361
312
329
500
221
7
326
27
77
356
283
255
317
331
118
74
2
140
485
114
60
426
7
258
250
153
65
295
298
322
264
351
143
171
211
95
353
346
409
128
196
358
412
256
426
341
201
466
87
354
14
34
179
216
486
452
79
280
12
70
420
255
333
25
445
47
187
296
403
231
285
49
448
352
433
438
142
83
450
228
330
337
71
294
146
281
87
216
371
116
487
11
99
453
130
450
26
209
26
160
192
71
497
245
417
96
361
280
309
467
412
69
456
231
235
283
417
476
371
365
2
277
448
427
20
205
279
150
288
321
246
252
307
345
138
349
235
115
348
61
36
252
332
164
167
198
420
38
77
194
306
21
107
283
463
76
222
418
399
172
418
450
217
362
57
57
483
68
357
468
238
171
262
311
434
63
224
424
61
153
77
221
51
69
464
62
438
427
265
461
447
88
7
338
185
275
461
111
57
247
69
205
248
245
356
185
322
270
155
365
271
302
430
36
83
371
375
285
274
249
90
125
231
208
493
7
424
140
127
416
300
262
406
296
72
39
425
31
335
218
279
75
456
7
379
227
38
155
82
269
376
344
488
206
75
453
6
378
105
307
464
319
52
223
159
290
64
317
25
24
393
450
38
312
382
82
396
239
171
244
175
446
475
181
124
60
138
477
459
223
140
62
423
420
196
281
301
171
115
231
125
137
94
415
243
5
308
61
250
427
207
219
387
196
223
349
165
184
440
216
372
345
86
387
488
103
268
262
452
470
69
13
240
365
124
297
57
290
69
6
44
115
98
371
183
270
300
106
111
212
303
381
417
177
85
144
288
465
226
174
193
237
66
47
475
363
212
123
218
435
480
115
183
499
467
37
461
150
290
286
327
482
117
9
426
451
119
376
98
109
324
458
86
274
470
181
197
150
317
357
276
11
390
282
454
32
375
224
346
250
313
63
492
346
406
387
263
363
383
322
287
264
159
462
103
254
450
47
211
3
172
64
85
452
92
274
241
153
301
265
158
490
426
79
331
63
368
484
440
385
233
84
426
44
374
153
482
324
124
269
119
48
213
20
211
480
255
58
5
410
323
467
116
120
500
208
19
153
325
108
20
180
409
301
364
483
326
148
314
498
50
291
372
108
339
24
371
207
249
500
37
372
78
143
306
270
386
88
388
456
389
30
269
114
119
24
260
128
211
306
255
106
11
445
15
168
199
273
425
235
292
251
338
426
453
25
259
234
286
126
67
408
130
322
309
177
255
291
414
152
56
220
208
353
167
323
226
142
133
42
221
26
199
163
267
76
102
168
426
393
288
265
160
342
34
361
46
489
470
125
191
250
418
249
91
195
306
205
233
460
288
208
447
326
82
135
464
478
414
96
405
398
314
459
249
429
1
62
170
424
87
298
362
494
405
358
274
296
137
31
403
9
453
190
442
17
34
413
454
101
301
322
138
376
301
411
Odd
