146
79
87
63
61
52
77
20
91
63
3
90
2
99
89
5
82
100
72
70
73
99
83
91
93
99
64
13
10
66
49
4
60
31
89
18
80
90
69
12
43
42
51
70
97
60
70
78
49
77
78
41
35
41
7
18
19
59
89
80
32
39
77
63
28
64
7
18
38
28
89
28
75
55
56
36
11
52
55
84
76
46
52
15
73
31
64
47
37
94
39
67
67
3
49
56
51
65
100
63
2
29
5
87
54
58
82
13
97
12
86
42
59
85
1
36
53
91
80
61
45
33
81
49
45
54
80
47
63
84
16
56
94
64
49
21
56
34
20
19
79
73
18
60
11
79
59
146
31
61
16
41
77
51
12
33
16
40
10
5
81
11
6
5
11
88
51
85
99
53
20
47
87
97
18
7
26
15
60
90
34
15
78
45
77
97
2
43
2
13
60
6
46
40
26
48
19
49
73
65
12
38
32
34
61
18
47
52
62
31
31
31
52
36
5
31
20
1
8
88
65
20
85
86
20
40
46
47
51
45
79
34
24
70
21
78
64
99
48
51
73
91
21
66
72
11
65
14
83
70
29
88
67
12
44
37
26
38
6
74
84
48
11
10
92
25
96
62
78
68
73
51
97
96
97
94
47
91
79
56
28
80
91
74
29
39
44
63
37
50
28
60
59
57
Odd
