731
100
45
72
49
94
93
23
95
71
84
100
22
33
71
11
3
41
91
78
65
99
70
30
25
61
76
98
43
51
97
62
91
72
78
11
23
6
62
1
56
60
42
11
88
37
93
60
40
89
92
85
78
100
10
10
90
23
64
22
49
8
16
70
39
46
51
76
68
65
17
49
34
36
81
81
49
48
46
24
27
70
74
72
39
46
14
34
97
43
3
62
21
98
80
12
90
59
68
91
90
55
59
75
20
48
61
2
1
7
51
79
11
68
7
67
76
65
90
51
23
52
97
16
42
47
14
62
1
58
45
23
39
88
15
84
11
79
66
33
8
47
31
6
10
25
61
2
9
5
75
48
4
75
38
22
25
50
97
14
40
23
70
41
33
8
46
22
42
82
48
88
58
82
38
44
69
4
81
9
42
42
32
70
48
95
94
34
44
7
25
23
2
40
10
49
86
51
59
59
95
13
6
81
100
62
73
53
67
23
39
79
40
32
14
91
18
17
40
18
9
26
3
49
96
46
19
95
65
9
94
31
56
63
94
81
13
61
39
89
10
78
31
45
21
87
40
25
62
64
30
98
10
23
10
17
25
92
15
15
62
10
48
24
5
32
38
83
48
81
44
37
27
42
85
19
19
39
11
68
22
61
50
12
73
70
7
34
74
67
35
28
5
78
84
92
43
21
52
65
91
96
93
96
50
87
25
37
33
80
46
82
20
47
70
30
45
63
53
96
63
6
16
91
55
18
83
30
2
86
58
65
17
16
22
94
42
8
46
35
11
51
65
93
73
87
64
49
10
50
77
12
40
91
16
92
75
96
16
3
2
94
5
64
67
23
17
32
64
38
42
60
69
90
45
96
20
56
53
65
25
87
46
92
92
94
100
51
64
29
11
29
30
66
42
70
35
43
37
73
43
96
40
77
79
34
41
67
42
71
97
34
60
78
48
22
60
72
96
67
64
5
17
66
23
73
27
66
71
95
71
9
24
3
47
58
30
51
29
31
79
100
12
43
53
20
76
38
51
24
68
77
42
9
25
97
20
96
65
54
17
50
37
8
71
90
56
54
64
38
42
83
58
62
90
61
95
75
5
6
74
47
19
37
43
83
48
71
22
2
71
64
59
94
71
63
59
34
39
67
3
69
36
87
56
65
91
96
58
84
92
84
53
61
95
87
53
96
77
55
61
4
47
25
24
94
7
49
14
58
33
95
18
30
38
99
21
74
51
80
6
71
64
95
75
97
83
95
1
57
24
69
41
93
56
64
89
2
16
87
77
47
40
35
17
15
56
80
92
17
81
9
11
41
69
92
30
72
46
8
72
4
6
57
29
86
45
59
72
81
51
39
3
92
81
43
25
77
62
1
14
81
23
34
94
4
76
57
47
1
25
51
89
15
95
72
62
10
28
96
7
17
26
23
94
18
63
18
44
1
61
42
63
42
15
28
65
5
36
32
13
8
53
28
76
96
81
97
75
46
63
72
44
97
97
82
87
48
92
46
4
61
13
36
98
82
19
59
46
29
38
49
66
75
44
23
29
85
98
56
77
10
24
87
9
13
62
29
29
31
99
41
87
11
93
38
96
86
25
3
44
6
29
50
18
83
55
100
25
68
50
74
44
41
89
44
33
57
48
58
97
19
31
28
47
62
69
100
100
33
50
3
