544
97
22
80
1
13
9
39
93
70
81
1
52
76
64
91
3
53
99
97
1
88
34
79
10
59
17
24
40
37
38
2
61
86
20
39
32
76
15
97
12
1
35
38
62
31
84
22
7
52
31
13
77
22
78
88
21
74
21
48
7
82
81
92
2
49
67
57
38
20
98
99
38
2
91
14
60
84
34
6
9
95
69
45
31
27
81
24
93
22
69
14
73
55
67
72
50
9
18
57
13
80
42
66
30
42
88
61
27
98
13
76
12
90
71
57
95
71
99
86
100
59
20
36
98
95
81
36
5
71
14
42
31
11
91
57
85
16
3
15
75
93
47
92
72
96
42
65
93
100
80
59
33
48
95
55
26
38
100
44
11
62
55
13
69
83
37
36
41
57
79
12
8
69
35
8
86
42
60
29
80
84
36
66
5
18
86
19
85
72
98
7
45
72
40
87
87
91
100
48
37
65
21
92
29
98
61
30
36
23
93
25
90
57
39
56
99
73
8
15
46
17
64
57
10
31
5
26
69
76
28
36
5
72
52
27
11
36
73
42
40
28
56
20
69
65
77
72
31
56
97
57
94
70
59
11
50
27
71
31
82
12
41
13
62
9
24
61
78
92
87
63
86
5
14
4
21
99
2
66
97
96
70
56
53
53
89
52
61
85
90
34
47
77
3
78
19
28
11
97
6
17
19
93
20
46
70
31
52
19
74
87
49
92
7
75
6
64
68
61
16
61
57
91
24
21
82
28
72
23
19
29
7
6
37
25
88
14
9
98
4
1
93
10
4
30
63
96
51
70
34
13
10
3
60
53
49
54
27
74
90
32
68
47
60
18
69
42
54
38
18
34
58
50
87
60
61
48
6
69
62
67
29
28
43
98
8
74
1
71
4
48
76
20
27
100
86
58
75
49
88
53
66
5
18
73
88
44
25
62
13
43
80
36
12
31
88
51
37
89
66
64
42
11
42
86
3
32
17
71
91
69
40
12
53
4
56
1
17
3
34
29
16
62
81
95
34
17
92
81
46
89
22
74
29
14
64
83
9
64
52
14
73
30
9
19
30
87
52
4
84
71
38
29
86
42
60
74
77
94
63
29
68
64
38
55
21
37
27
27
77
6
25
21
33
33
67
26
85
58
97
45
74
39
77
98
80
79
95
59
64
43
49
43
10
44
77
97
59
65
1
65
85
74
42
14
48
93
75
60
43
44
72
41
48
84
21
99
29
25
20
76
94
28
23
