527
93
54
73
15
93
62
93
86
12
30
32
40
24
3
92
38
40
15
53
70
100
60
60
73
78
92
52
4
37
48
52
52
92
70
64
89
69
83
36
90
24
65
39
63
42
94
94
59
99
6
95
65
63
3
37
79
58
36
98
87
44
35
49
46
32
40
79
11
61
60
76
40
46
71
42
39
98
6
73
16
8
64
84
63
50
72
57
22
94
12
72
74
99
33
92
47
56
52
18
49
26
61
52
85
41
3
95
81
81
56
98
21
60
71
22
47
7
39
22
70
18
6
68
31
1
27
15
77
69
74
100
64
61
7
100
8
33
83
32
60
73
67
68
61
23
81
38
77
40
61
46
2
13
100
59
32
100
13
49
73
59
82
71
86
12
86
25
55
68
25
94
55
32
44
55
37
24
75
55
41
59
17
52
100
83
51
13
28
87
98
11
54
60
7
25
53
5
60
34
20
63
78
28
100
56
10
8
89
44
89
11
20
2
63
33
13
49
4
53
95
42
66
75
89
91
99
47
52
15
84
35
31
77
74
96
34
38
37
34
88
30
59
40
72
15
100
60
96
10
29
57
57
69
9
43
50
58
72
52
75
65
55
12
89
43
45
60
93
79
98
57
83
43
97
19
7
68
27
61
71
27
83
11
86
44
17
66
64
66
32
98
82
69
15
2
38
12
55
85
98
49
8
37
90
46
11
64
3
20
97
20
51
52
50
80
83
71
3
89
4
34
41
15
17
33
20
36
62
97
84
59
11
98
24
67
5
28
77
23
78
38
85
66
31
92
10
23
30
14
69
47
30
54
12
84
49
27
13
22
52
49
44
30
66
33
93
46
15
40
2
23
48
48
12
90
24
40
70
26
41
17
66
80
57
75
85
89
97
42
2
5
5
70
47
25
50
53
71
14
60
51
36
73
27
41
41
24
38
95
40
83
47
37
47
88
90
73
32
21
84
82
31
80
40
56
28
13
11
24
31
76
61
65
65
45
4
69
16
72
20
26
74
83
4
12
3
20
33
39
53
22
52
42
49
87
39
92
5
66
25
29
76
70
94
5
67
31
28
40
34
55
27
96
82
70
60
63
58
7
1
10
96
94
9
56
24
58
63
14
80
60
32
67
11
94
19
79
52
35
54
53
42
88
27
78
86
76
40
50
33
5
63
21
61
26
65
51
63
94
51
69
67
30
29
96
23
24
