2000
459 0 299 466 0 232
0 644 199 0 1409 964
1330 0 83 590 0 657
881 0 346 265 0 176
0 388 134 0 321 31
644 0 27 156 0 461
616 0 149 190 0 277
0 757 116 0 686 105
773 0 243 206 0 71
67 0 334 1402 0 1669
331 0 254 17 0 568
0 1247 124 0 1468 345
0 1196 15 0 1034 147
138 0 6 1451 0 1319
307 0 366 459 0 518
0 524 204 0 1159 367
0 1229 154 0 102 973
153 0 332 389 0 568
0 25 27 0 589 88
0 111 121 0 1499 1509
477 0 363 1144 0 1030
0 1317 237 0 1294 263
1404 0 335 950 0 789
0 80 18 0 1468 351
192 0 276 150 0 249
491 0 256 1261 0 125
24 0 128 531 0 331
1202 0 85 598 0 689
0 129 54 0 706 523
106 0 171 426 0 491
116 0 27 336 0 193
1416 0 152 1444 0 328
368 0 158 1387 0 298
0 1091 286 0 800 342
1361 0 319 207 0 835
968 0 293 746 0 515
418 0 83 352 0 149
0 526 144 0 161 333
1462 0 322 842 0 36
67 0 282 780 0 995
0 296 143 0 795 642
639 0 267 147 0 88
0 1281 61 0 1084 186
1231 0 6 1144 0 81
0 1068 253 0 1263 41
218 0 8 1080 0 854
1240 0 200 154 0 886
541 0 366 830 0 655
0 894 340 0 300 934
0 28 79 0 653 546
0 1500 330 0 1358 472
0 559 374 0 1083 147
0 457 134 0 571 21
728 0 300 395 0 33
592 0 127 298 0 212
0 230 122 0 164 188
0 293 315 0 137 28
0 36 323 0 1094 350
1497 0 192 305 0 154
1028 0 256 71 0 74
0 971 131 0 1239 313
1144 0 218 1347 0 421
0 181 142 0 1029 193
722 0 75 260 0 537
0 1002 2 0 40 964
0 848 156 0 705 299
1389 0 313 28 0 1674
81 0 266 1311 0 76
1409 0 161 852 0 396
82 0 337 678 0 172
1485 0 9 1490 0 190
471 0 263 1055 0 321
758 0 26 508 0 117
1210 0 118 598 0 494
0 886 291 0 522 351
0 76 85 0 202 243
706 0 51 1441 0 684
0 1371 148 0 1098 421
0 485 372 0 905 374
411 0 186 1254 0 657
245 0 252 1386 0 1393
0 1487 273 0 1113 101
0 1383 303 0 60 1020
0 495 50 0 580 135
929 0 65 1210 0 105
833 0 363 304 0 354
0 662 97 0 1496 150
0 1207 278 0 295 1190
0 196 244 0 939 987
32 0 215 1262 0 1445
0 1104 49 0 1156 3
1061 0 205 1067 0 211
947 0 27 191 0 783
0 1130 74 0 1095 212
452 0 146 813 0 307
1466 0 173 1500 0 207
0 84 278 0 526 158
848 0 3 1154 0 309
3 0 83 500 0 230
736 0 341 65 0 330
0 432 123 0 1258 26
183 0 334 977 0 134
0 958 345 0 97 248
1209 0 106 1032 0 71
0 644 368 0 979 250
130 0 329 1329 0 1528
0 145 159 0 1455 1469
0 1133 237 0 1320 424
1140 0 266 649 0 348
490 0 246 1053 0 317
622 0 219 465 0 376
856 0 131 69 0 257
0 343 126 0 900 87
1424 0 152 299 0 1277
1193 0 2 1102 0 89
0 1432 270 0 1262 440
269 0 119 556 0 322
0 452 24 0 886 458
471 0 23 546 0 329
1192 0 88 1317 0 37
154 0 294 171 0 273
534 0 168 381 0 356
0 944 199 0 235 16
0 1497 340 0 1347 294
617 0 325 473 0 469
1125 0 253 1220 0 348
0 424 195 0 889 270
0 113 251 0 1021 657
0 1228 74 0 1478 176
0 190 345 0 1015 480
1462 0 71 995 0 538
1016 0 166 836 0 346
0 1112 340 0 257 1195
749 0 148 313 0 584
0 613 141 0 1494 1022
0 819 24 0 516 120
0 20 53 0 437 58
1023 0 333 1301 0 264
0 1495 206 0 1194 507
417 0 260 370 0 307
0 712 19 0 824 131
0 1379 120 0 1257 242
92 0 17 323 0 374
0 1383 261 0 304 818
360 0 214 584 0 10
1117 0 220 627 0 710
0 263 241 0 80 301
0 1449 106 0 893 158
1285 0 62 1153 0 202
0 1255 216 0 1038 1
281 0 2 391 0 173
0 831 148 0 511 172
0 991 13 0 1451 8
999 0 315 196 0 1118
0 738 283 0 459 562
0 611 32 0 937 209
0 1410 18 0 941 487
0 550 115 0 1104 439
1261 0 282 170 0 1373
0 1458 358 0 257 1559
1222 0 224 3 0 1443
1093 0 183 337 0 0
0 39 112 0 465 314
0 647 218 0 184 681
1003 0 346 435 0 914
851 0 175 259 0 18
1000 0 235 259 0 976
896 0 59 572 0 265
0 1122 32 0 366 163
0 1132 345 0 1392 7
0 1179 92 0 366 15
0 1012 175 0 1395 370
0 161 165 0 989 663
0 983 12 0 839 156
0 799 234 0 533 500
0 1090 264 0 598 228
1111 0 325 1011 0 425
0 330 6 0 633 297
0 227 253 0 593 619
1077 0 256 1414 0 324
0 4 196 0 92 76
0 498 84 0 1202 788
0 71 273 0 600 256
0 1371 201 0 714 18
0 425 125 0 1345 795
0 1162 144 0 668 350
1077 0 41 132 0 904
1291 0 193 1484 0 386
832 0 281 761 0 126
0 430 351 0 1423 642
805 0 84 1394 0 505
0 798 339 0 253 314
1061 0 63 919 0 205
0 1132 273 0 1396 269
0 988 122 0 1216 106
0 961 209 0 1177 425
309 0 297 1103 0 1091
1034 0 206 1271 0 31
215 0 6 1066 0 845
0 1493 141 0 1025 323
0 531 325 0 739 533
0 1002 160 0 1237 176
0 1041 133 0 1495 220
416 0 290 551 0 356
0 1185 172 0 44 969
221 0 21 916 0 295
1414 0 286 743 0 385
0 1366 326 0 604 319
1106 0 353 337 0 416
0 361 0 0 83 278
724 0 70 284 0 510
0 1041 34 0 1305 230
166 0 115 1023 0 972
114 0 21 1281 0 1146
537 0 37 965 0 391
0 902 348 0 862 54
1080 0 6 826 0 248
0 235 328 0 168 86
0 522 40 0 1332 371
367 0 296 315 0 256
0 483 365 0 1148 300
858 0 45 532 0 103
0 814 264 0 277 194
0 1092 247 0 1120 275
0 999 318 0 906 411
0 1075 86 0 41 948
10 0 89 154 0 55
1060 0 330 218 0 1
1211 0 244 1342 0 324
0 229 181 0 478 68
63 0 246 478 0 169
0 1021 343 0 1478 114
0 1302 15 0 875 412
998 0 256 196 0 546
0 815 272 0 575 308
1347 0 315 625 0 1037
0 444 258 0 309 175
1212 0 4 1322 0 106
821 0 73 519 0 225
0 770 287 0 241 816
202 0 263 416 0 190
0 230 263 0 316 262
0 918 33 0 149 802
923 0 190 1174 0 441
926 0 6 955 0 35
1210 0 114 294 0 1030
1250 0 12 524 0 714
1156 0 6 1384 0 222
0 873 230 0 1459 816
0 674 209 0 1240 775
0 1014 344 0 723 158
349 0 51 353 0 150
0 639 137 0 964 61
1421 0 109 174 0 363
1326 0 157 124 0 148
0 125 303 0 951 1129
46 0 243 317 0 514
0 1340 279 0 280 1339
0 1098 284 0 1408 594
0 495 180 0 389 324
0 717 32 0 391 358
0 1143 321 0 879 310
0 1337 355 0 1103 221
0 412 303 0 206 509
300 0 192 660 0 552
954 0 264 26 0 1192
372 0 109 327 0 93
777 0 351 236 0 266
1309 0 263 1321 0 282
0 251 357 0 1399 791
0 527 209 0 717 399
1179 0 122 1354 0 297
1027 0 108 1016 0 33
615 0 300 157 0 175
0 1259 31 0 536 342
181 0 60 1051 0 810
0 854 183 0 270 96
1100 0 305 1053 0 35
0 249 144 0 224 130
1147 0 371 1112 0 98
893 0 58 784 0 167
140 0 248 325 0 433
0 1390 146 0 694 224
498 0 358 379 0 143
0 1117 216 0 581 110
127 0 199 1108 0 1180
910 0 16 535 0 226
439 0 195 1222 0 978
1280 0 279 699 0 302
1261 0 222 85 0 1398
354 0 351 40 0 665
0 1089 209 0 912 258
0 878 178 0 174 39
1273 0 347 1223 0 178
0 341 263 0 1414 141
0 1448 201 0 959 690
0 212 143 0 325 99
0 1344 29 0 451 343
0 1372 235 0 420 717
0 377 245 0 499 367
836 0 193 419 0 224
0 489 253 0 417 202
229 0 251 1404 0 924
0 262 135 0 178 314
0 1261 69 0 402 790
0 592 310 0 517 385
223 0 341 283 0 274
0 739 359 0 796 218
493 0 62 792 0 361
743 0 333 699 0 371
1012 0 336 758 0 590
515 0 353 1223 0 273
0 1403 315 0 784 934
895 0 51 212 0 269
336 0 69 1030 0 8
0 1137 67 0 815 255
0 459 67 0 896 370
0 1306 31 0 158 31
0 1146 359 0 916 118
1244 0 219 448 0 182
464 0 225 710 0 21
1138 0 362 200 0 177
5 0 209 915 0 1119
588 0 250 722 0 162
0 907 265 0 198 143
0 1304 73 0 1159 218
897 0 373 649 0 358
0 181 367 0 13 150
858 0 104 727 0 235
0 1020 362 0 1372 120
0 1476 279 0 1376 49
718 0 114 886 0 238
706 0 224 1134 0 652
1236 0 144 925 0 455
0 12 323 0 832 349
950 0 374 194 0 193
367 0 274 858 0 217
0 1256 343 0 709 204
600 0 158 195 0 74
743 0 214 1096 0 139
0 367 213 0 452 291
0 921 142 0 220 559
285 0 28 734 0 421
0 1025 261 0 82 682
1343 0 129 606 0 866
1204 0 338 1418 0 271
1184 0 309 1301 0 341
0 1145 83 0 1103 125
0 1381 51 0 631 699
0 531 357 0 283 271
0 401 129 0 796 266
0 1068 373 0 901 327
99 0 245 161 0 296
0 1340 51 0 821 468
1011 0 18 6 0 987
0 547 361 0 1385 8
0 1202 177 0 633 269
442 0 73 1129 0 760
217 0 252 1101 0 83
0 1066 117 0 411 772
0 341 256 0 1393 796
910 0 48 41 0 821
0 204 6 0 275 77
0 1198 350 0 1125 298
0 1437 201 0 822 216
633 0 297 1277 0 941
0 1154 344 0 121 1377
0 103 285 0 723 326
790 0 328 616 0 240
1384 0 178 1041 0 165
51 0 110 677 0 516
300 0 160 697 0 237
735 0 213 1232 0 710
1084 0 199 1127 0 267
0 25 66 0 680 721
0 73 188 0 1291 1030
987 0 260 102 0 625
418 0 82 1303 0 967
0 25 347 0 462 784
0 530 109 0 408 328
0 750 176 0 696 230
485 0 173 179 0 133
0 848 25 0 572 251
0 1473 80 0 970 583
512 0 338 1216 0 1042
915 0 122 341 0 696
651 0 256 835 0 120
598 0 120 275 0 443
857 0 119 781 0 34
220 0 303 1306 0 783
402 0 334 256 0 309
1229 0 287 1295 0 216
9 0 87 1213 0 1291
0 520 125 0 988 593
220 0 347 630 0 93
94 0 146 442 0 494
1430 0 192 264 0 974
830 0 291 1128 0 7
0 534 362 0 154 742
0 757 94 0 1455 604
1283 0 17 1192 0 74
0 490 355 0 901 766
830 0 40 677 0 99
0 1227 186 0 1437 396
0 942 298 0 1027 330
0 251 243 0 187 307
0 70 107 0 392 215
0 97 365 0 872 1140
0 402 250 0 598 71
0 347 132 0 1488 1009
0 873 308 0 31 1150
0 1486 278 0 714 1050
1203 0 311 986 0 1
0 267 210 0 475 293
1385 0 344 504 0 537
1204 0 342 1333 0 354
0 1074 305 0 1498 119
986 0 316 1202 0 273
1198 0 234 1240 0 275
0 197 364 0 144 150
848 0 205 641 0 412
0 98 38 0 313 157
801 0 229 262 0 768
0 1120 82 0 946 92
0 341 89 0 735 483
668 0 350 310 0 112
0 46 364 0 1297 887
0 1361 298 0 1012 51
0 737 253 0 1019 535
830 0 300 1137 0 7
0 829 157 0 832 79
412 0 183 212 0 141
575 0 172 822 0 419
219 0 39 1243 0 1063
1252 0 246 1000 0 53
125 0 47 1243 0 1165
0 143 252 0 681 1
415 0 137 318 0 0
1310 0 52 15 0 1243
598 0 145 1036 0 87
199 0 298 355 0 299
1263 0 114 608 0 541
0 1162 223 0 711 228
1448 0 112 1184 0 152
0 382 12 0 963 569
0 499 133 0 1463 1097
0 1231 58 0 609 680
175 0 22 459 0 306
758 0 46 946 0 234
0 149 132 0 166 149
0 35 95 0 409 469
1190 0 74 484 0 632
0 995 191 0 628 558
0 1122 86 0 1013 23
1463 0 19 1348 0 96
386 0 360 964 0 938
1461 0 161 756 0 866
0 1256 313 0 747 822
717 0 199 67 0 41
1323 0 102 1455 0 30
0 863 124 0 258 481
0 1329 292 0 310 176
1172 0 29 911 0 232
1329 0 117 1333 0 332
0 817 348 0 345 124
838 0 175 1090 0 7
677 0 189 759 0 271
461 0 315 1315 0 150
1456 0 323 212 0 287
0 1249 254 0 479 516
1202 0 151 1083 0 137
0 75 363 0 266 278
0 493 240 0 527 363
0 33 16 0 530 159
0 232 217 0 1234 1219
1103 0 192 229 0 101
1388 0 265 1042 0 81
0 1236 113 0 640 483
56 0 35 1307 0 208
1419 0 371 1287 0 130
629 0 196 1222 0 192
0 601 276 0 1285 408
775 0 362 1090 0 168
1133 0 48 1360 0 275
0 646 17 0 840 211
0 217 8 0 525 316
703 0 119 187 0 120
1368 0 330 344 0 1354
963 0 39 886 0 80
590 0 212 823 0 21
0 696 19 0 571 32
0 1093 266 0 592 767
0 977 374 0 728 623
0 375 329 0 68 636
1336 0 30 536 0 770
0 518 55 0 405 58
0 1147 160 0 763 229
0 1212 374 0 1092 321
0 1268 97 0 1318 147
1158 0 212 1294 0 167
0 1021 121 0 858 42
951 0 348 743 0 294
0 358 66 0 125 266
0 1207 36 0 689 276
231 0 178 513 0 460
636 0 366 726 0 290
478 0 109 290 0 297
0 1267 312 0 809 18
0 295 2 0 98 195
0 969 174 0 263 532
1378 0 232 1369 0 241
0 886 329 0 556 67
0 1374 302 0 162 249
1313 0 14 1094 0 263
0 1020 185 0 1264 59
859 0 360 664 0 555
0 26 243 0 568 107
0 393 14 0 73 243
71 0 7 809 0 745
710 0 3 769 0 56
0 639 246 0 1130 737
0 613 278 0 221 670
1044 0 36 692 0 137
1156 0 34 1338 0 24
646 0 13 1419 0 73
0 9 160 0 319 150
0 615 295 0 571 33
0 1051 227 0 1412 134
0 954 122 0 766 310
1431 0 263 1250 0 364
645 0 124 1134 0 365
488 0 99 1367 0 138
852 0 75 37 0 740
588 0 27 838 0 277
0 1444 306 0 1158 115
1028 0 15 1139 0 96
0 604 272 0 1225 171
1031 0 260 738 0 133
0 743 139 0 972 90
0 165 165 0 846 516
172 0 133 907 0 868
0 862 306 0 1368 200
616 0 358 590 0 384
0 1477 34 0 1448 244
0 1290 191 0 252 168
0 994 373 0 563 58
483 0 186 512 0 74
1348 0 359 245 0 744
974 0 49 897 0 326
0 1188 81 0 1343 74
0 1264 338 0 866 736
0 1282 266 0 1270 256
185 0 32 423 0 270
0 999 149 0 945 324
432 0 184 975 0 264
1412 0 45 704 0 39
0 463 20 0 245 238
0 864 7 0 1005 134
1098 0 35 1365 0 35
1068 0 185 973 0 207
129 0 162 887 0 920
580 0 340 1464 0 165
211 0 135 971 0 80
0 852 55 0 398 399
846 0 25 1158 0 337
0 1409 296 0 1302 315
0 275 195 0 42 225
0 714 56 0 690 166
220 0 216 685 0 208
550 0 264 821 0 7
0 654 8 0 1246 584
5 0 5 1043 0 1043
0 1488 46 0 1463 71
675 0 185 710 0 220
1435 0 132 414 0 889
0 1053 203 0 526 324
0 528 95 0 875 271
1325 0 318 997 0 646
350 0 313 361 0 19
0 210 362 0 396 548
218 0 215 125 0 36
0 172 130 0 936 140
0 591 188 0 1036 257
116 0 328 220 0 340
307 0 160 1115 0 968
1208 0 26 93 0 105
1330 0 234 721 0 272
1119 0 351 792 0 236
0 1094 276 0 182 636
0 1309 248 0 938 302
510 0 350 1173 0 313
0 939 139 0 470 608
171 0 213 344 0 121
0 1091 80 0 1220 49
0 273 298 0 809 214
0 1084 96 0 160 1020
0 1088 186 0 161 1113
1216 0 20 49 0 1187
0 1305 88 0 746 647
0 965 343 0 1343 35
1147 0 141 1370 0 364
496 0 24 610 0 90
668 0 104 715 0 156
570 0 264 661 0 305
0 431 362 0 414 107
0 193 104 0 151 179
0 362 297 0 910 845
278 0 22 1056 0 800
1263 0 276 317 0 1222
0 934 358 0 728 564
872 0 321 1274 0 81
469 0 57 976 0 564
237 0 322 1138 0 1223
534 0 310 983 0 330
0 299 242 0 53 20
887 0 248 160 0 133
0 808 130 0 914 104
186 0 177 1312 0 949
0 1111 213 0 608 716
0 918 19 0 558 341
540 0 365 724 0 146
0 113 98 0 589 190
0 775 347 0 350 772
195 0 24 12 0 115
0 504 162 0 789 334
434 0 250 411 0 273
326 0 335 915 0 924
0 1180 298 0 408 317
634 0 78 1179 0 623
882 0 164 552 0 166
785 0 193 1217 0 625
0 858 253 0 164 947
0 517 90 0 1052 625
1076 0 223 648 0 651
1249 0 365 96 0 788
0 37 297 0 1462 181
1430 0 102 84 0 1448
275 0 304 132 0 52
0 45 300 0 1380 313
835 0 72 316 0 591
0 12 68 0 10 234
174 0 168 337 0 115
570 0 34 1492 0 956
860 0 289 452 0 697
0 1184 180 0 901 103
0 1472 115 0 834 357
0 1422 127 0 71 1224
0 518 349 0 882 713
897 0 45 1131 0 242
0 1117 310 0 247 560
0 944 281 0 859 212
290 0 218 1216 0 193
881 0 156 1006 0 281
1290 0 316 704 0 168
0 560 107 0 303 364
579 0 254 510 0 366
0 893 33 0 161 50
0 1088 128 0 1444 197
0 336 68 0 383 96
0 742 158 0 692 81
0 1238 351 0 1203 386
0 323 160 0 1106 623
456 0 6 776 0 326
899 0 245 152 0 992
0 1323 282 0 538 1067
0 26 187 0 425 586
0 145 115 0 478 293
614 0 333 994 0 47
0 633 174 0 514 293
0 1081 7 0 483 139
1193 0 285 282 0 106
0 781 40 0 330 112
647 0 116 1134 0 156
0 637 220 0 497 360
0 218 334 0 490 132
0 83 300 0 1223 1440
0 651 247 0 403 495
0 844 79 0 958 35
0 855 86 0 807 134
0 781 233 0 802 131
508 0 341 41 0 69
1071 0 87 1158 0 304
0 333 204 0 1091 962
0 764 28 0 441 286
729 0 78 1486 0 835
0 480 254 0 387 63
0 300 38 0 291 265
937 0 207 809 0 335
0 97 203 0 1341 203
501 0 62 322 0 117
0 931 223 0 309 145
0 1053 342 0 1253 542
833 0 17 1405 0 555
0 3 83 0 1140 1054
961 0 221 73 0 168
1407 0 9 1130 0 2
450 0 105 1261 0 266
1294 0 191 251 0 167
0 450 275 0 588 168
1318 0 109 1075 0 352
1245 0 125 509 0 279
0 122 261 0 1053 70
0 605 141 0 1309 845
0 822 321 0 1281 780
539 0 102 1099 0 458
0 716 340 0 553 503
932 0 364 114 0 1182
0 599 151 0 1270 822
934 0 143 410 0 381
0 1472 163 0 350 1285
0 1179 107 0 1291 365
1376 0 0 506 0 870
0 807 304 0 394 173
0 488 97 0 652 67
1436 0 148 773 0 811
999 0 89 149 0 289
639 0 350 92 0 897
16 0 339 438 0 361
0 466 227 0 1070 224
0 94 96 0 1169 1171
0 1354 195 0 967 582
724 0 71 133 0 374
816 0 28 1409 0 621
0 1191 19 0 502 670
0 106 28 0 330 359
0 946 132 0 1145 256
1464 0 257 199 0 1008
696 0 115 1306 0 495
11 0 177 1497 0 266
608 0 273 712 0 377
715 0 196 755 0 254
0 244 164 0 338 258
858 0 62 936 0 296
1197 0 107 553 0 366
0 1237 315 0 1317 395
1320 0 317 1446 0 443
1470 0 326 493 0 109
322 0 363 163 0 121
0 994 150 0 384 12
301 0 220 216 0 274
0 1125 321 0 951 233
0 1163 372 0 979 556
0 443 66 0 304 337
1201 0 353 1217 0 369
0 1275 11 0 143 1121
762 0 175 1292 0 365
1261 0 6 1466 0 211
0 90 138 0 920 692
0 895 323 0 301 103
0 912 155 0 32 1035
0 925 207 0 588 72
0 343 88 0 1360 1105
1375 0 291 488 0 1178
0 567 112 0 818 67
0 477 51 0 1040 614
402 0 246 326 0 172
0 1204 340 0 283 1261
0 1434 163 0 1334 263
0 587 89 0 246 252
370 0 317 498 0 181
0 1481 138 0 970 289
693 0 360 756 0 249
531 0 32 1036 0 537
0 250 61 0 769 580
0 56 28 0 1284 1256
0 1108 249 0 854 51
17 0 232 1022 0 1237
0 1186 278 0 1127 337
0 1302 129 0 223 87
0 1214 30 0 1262 18
0 1095 95 0 924 76
567 0 271 35 0 803
1094 0 366 138 0 590
157 0 150 562 0 555
838 0 247 1470 0 385
884 0 243 724 0 152
675 0 354 261 0 60
980 0 236 838 0 315
0 259 306 0 53 512
1029 0 256 1350 0 348
378 0 273 584 0 96
0 935 8 0 83 844
669 0 373 182 0 130
768 0 63 1435 0 604
0 1143 187 0 1088 242
0 69 187 0 504 247
0 747 348 0 195 900
0 54 113 0 442 212
0 1266 217 0 1116 301
0 538 18 0 219 12
0 1232 211 0 537 484
0 701 103 0 554 44
0 392 337 0 404 349
287 0 146 124 0 45
1358 0 62 930 0 366
0 321 55 0 526 150
724 0 50 1057 0 137
528 0 255 1213 0 430
0 727 150 0 1178 301
785 0 152 1213 0 146
4 0 321 1489 0 1164
0 113 255 0 92 276
0 1003 176 0 131 1048
0 1010 138 0 663 209
0 1023 15 0 3 161
632 0 108 320 0 204
122 0 370 669 0 917
0 1393 332 0 61 1000
0 1242 354 0 783 225
0 889 138 0 560 317
1160 0 33 1273 0 80
641 0 298 500 0 439
0 422 181 0 1048 136
0 652 90 0 308 93
313 0 257 39 0 338
0 1154 266 0 1324 151
0 1057 206 0 270 74
0 1132 87 0 872 347
0 1462 241 0 1203 500
0 1254 78 0 167 1009
0 475 8 0 1171 80
0 31 287 0 920 1176
111 0 283 768 0 350
341 0 206 1487 0 940
0 1366 19 0 857 22
518 0 176 538 0 217
0 62 99 0 255 98
841 0 40 867 0 66
0 1299 48 0 234 1113
1317 0 171 551 0 937
699 0 322 595 0 327
403 0 150 267 0 196
0 1121 133 0 339 649
439 0 2 285 0 156
807 0 92 1476 0 111
998 0 87 1098 0 13
1399 0 11 616 0 772
1147 0 15 1004 0 158
0 1062 323 0 357 1028
1264 0 356 1268 0 218
320 0 373 332 0 310
0 931 357 0 122 452
194 0 253 1475 0 1534
277 0 234 1080 0 1037
0 944 242 0 1351 82
852 0 192 1226 0 566
417 0 214 382 0 20
1102 0 304 930 0 476
1230 0 40 332 0 858
0 1456 42 0 79 1419
0 1485 56 0 1205 336
574 0 374 484 0 464
0 82 275 0 867 42
830 0 323 819 0 334
411 0 150 253 0 308
640 0 92 570 0 162
593 0 149 891 0 149
1443 0 87 643 0 3
0 1122 127 0 615 380
527 0 172 209 0 200
0 582 317 0 786 521
0 1138 104 0 1 1033
0 1032 184 0 1066 153
0 1065 70 0 612 383
672 0 358 975 0 149
725 0 184 765 0 224
0 776 102 0 1266 388
0 788 173 0 873 239
0 631 259 0 1382 492
161 0 101 674 0 298
0 627 85 0 501 41
0 910 60 0 644 206
448 0 16 1303 0 111
1091 0 219 1212 0 307
0 1400 234 0 972 314
0 495 230 0 733 8
0 1351 343 0 516 492
0 941 206 0 238 909
206 0 96 995 0 885
41 0 333 273 0 565
0 1240 38 0 518 760
667 0 318 29 0 366
348 0 59 1488 0 0
1105 0 258 69 0 270
180 0 269 1107 0 90
55 0 132 1087 0 900
0 653 270 0 226 157
108 0 10 1109 0 274
323 0 270 834 0 195
525 0 44 608 0 366
1087 0 256 880 0 463
0 35 158 0 1467 1590
178 0 115 192 0 129
676 0 292 338 0 46
1447 0 364 231 0 852
0 208 201 0 704 295
0 935 276 0 720 215
0 65 21 0 72 182
339 0 102 1475 0 1238
0 1334 51 0 521 762
110 0 130 692 0 370
0 186 49 0 1444 1209
1199 0 59 1320 0 62
0 994 199 0 976 217
0 864 44 0 934 369
131 0 109 527 0 505
0 1309 296 0 888 717
0 810 111 0 117 127
0 583 117 0 341 125
120 0 150 295 0 325
559 0 57 561 0 35
0 174 234 0 1271 18
0 400 142 0 105 153
1157 0 8 91 0 338
146 0 225 1403 0 1482
599 0 85 283 0 231
0 706 356 0 571 12
0 119 132 0 796 142
0 1332 323 0 419 590
0 438 44 0 850 456
900 0 370 700 0 570
0 193 190 0 216 92
902 0 215 1062 0 171
0 353 63 0 949 659
0 1428 26 0 156 294
1291 0 153 953 0 165
0 620 225 0 1034 241
325 0 184 5 0 136
278 0 242 1464 0 944
0 1060 217 0 1419 220
0 494 289 0 731 301
0 583 277 0 501 295
1472 0 0 102 0 1370
1247 0 353 98 0 244
0 1216 324 0 570 970
0 612 120 0 200 292
855 0 8 843 0 276
353 0 61 933 0 519
539 0 270 671 0 101
631 0 196 75 0 752
626 0 172 1379 0 231
1045 0 176 827 0 197
0 14 50 0 780 816
980 0 347 56 0 56
1324 0 37 1075 0 286
1294 0 75 549 0 670
0 1342 288 0 97 1533
1487 0 92 810 0 38
0 902 313 0 284 299
1318 0 366 1182 0 118
0 576 231 0 592 47
421 0 57 1285 0 921
76 0 246 516 0 235
0 1014 102 0 530 586
801 0 158 1064 0 105
1390 0 10 333 0 1047
0 340 81 0 1392 971
401 0 169 636 0 66
42 0 181 950 0 727
0 493 359 0 1181 329
111 0 154 211 0 152
1373 0 175 156 0 1392
0 612 199 0 1321 362
1353 0 119 866 0 112
0 392 33 0 22 337
0 215 157 0 395 23
464 0 252 65 0 147
0 123 28 0 1117 20
904 0 150 828 0 197
0 767 250 0 998 195
1490 0 174 142 0 1174
0 952 290 0 192 1050
0 317 275 0 903 861
0 296 77 0 261 112
74 0 10 817 0 733
0 626 158 0 185 599
557 0 269 1023 0 77
1225 0 292 1249 0 178
0 788 221 0 65 944
1001 0 348 1156 0 325
1377 0 341 270 0 197
0 839 321 0 1100 109
0 1399 15 0 124 1290
75 0 184 471 0 580
0 707 33 0 1500 169
0 1138 80 0 1038 20
641 0 246 418 0 147
0 1410 243 0 1217 282
0 1104 60 0 739 206
0 201 136 0 1013 676
0 1349 237 0 248 1338
8 0 178 983 0 1153
0 550 249 0 398 401
0 363 8 0 1258 903
0 799 295 0 1382 173
0 264 244 0 1213 194
1139 0 307 1455 0 9
0 193 190 0 125 337
1293 0 36 776 0 481
1273 0 22 1265 0 151
1276 0 331 1015 0 592
222 0 98 1436 0 1312
1461 0 344 1128 0 210
0 696 296 0 1043 237
0 1463 230 0 528 169
1426 0 187 817 0 75
858 0 67 483 0 442
0 968 372 0 1179 583
89 0 364 742 0 289
1122 0 220 48 0 164
0 349 218 0 1383 816
0 1086 196 0 558 332
563 0 206 130 0 639
0 806 39 0 1289 281
0 1114 10 0 893 35
0 741 131 0 981 371
546 0 27 488 0 85
0 1113 247 0 1189 113
0 399 323 0 668 261
1031 0 267 963 0 335
1380 0 57 778 0 57
900 0 212 1153 0 465
0 1195 48 0 133 1014
0 365 358 0 44 355
1123 0 295 1430 0 12
518 0 276 1416 0 622
0 741 115 0 839 213
478 0 351 359 0 359
1230 0 48 848 0 343
765 0 111 987 0 333
0 85 263 0 1360 54
0 1270 12 0 196 1086
0 1179 153 0 710 622
0 57 190 0 653 75
0 60 231 0 706 275
156 0 66 772 0 344
20 0 269 390 0 236
577 0 118 283 0 49
423 0 61 834 0 49
1223 0 266 1290 0 371
198 0 101 1282 0 1185
0 1401 177 0 7 338
0 252 161 0 702 289
0 1056 359 0 159 93
280 0 211 1327 0 836
640 0 122 1262 0 500
0 1266 140 0 584 68
0 1091 110 0 430 771
374 0 353 1377 0 650
0 891 98 0 978 271
595 0 314 212 0 69
1158 0 210 72 0 1296
0 499 162 0 13 648
262 0 308 812 0 242
1396 0 56 842 0 322
0 1270 264 0 45 1489
262 0 338 354 0 299
0 260 90 0 396 46
348 0 353 1146 0 1151
759 0 259 800 0 235
324 0 173 850 0 351
535 0 215 739 0 419
0 225 90 0 614 479
0 79 71 0 599 591
0 584 185 0 1099 16
259 0 142 900 0 499
0 287 124 0 959 796
0 1109 200 0 331 578
755 0 24 1285 0 506
992 0 118 612 0 262
0 872 221 0 1236 143
218 0 204 94 0 90
0 939 173 0 1259 64
870 0 133 587 0 150
985 0 243 582 0 294
413 0 88 1158 0 171
1461 0 181 1475 0 239
0 977 136 0 228 290
0 543 5 0 1308 770
1434 0 255 1319 0 330
765 0 200 801 0 180
0 674 210 0 1016 76
1344 0 102 944 0 502
0 294 247 0 521 269
0 1267 136 0 316 1087
0 224 209 0 998 983
598 0 264 89 0 245
0 1446 319 0 313 814
0 676 53 0 230 393
0 897 14 0 976 65
0 1123 189 0 328 40
68 0 289 1098 0 741
0 578 35 0 232 311
1181 0 327 546 0 962
1429 0 102 452 0 875
1 0 238 1329 0 216
194 0 66 705 0 577
911 0 354 587 0 678
0 422 168 0 1242 652
1181 0 320 1492 0 251
0 1263 40 0 416 887
455 0 60 165 0 273
498 0 107 1363 0 758
0 877 340 0 305 912
1030 0 355 1364 0 689
597 0 125 554 0 250
165 0 98 1237 0 1170
0 1054 250 0 325 220
0 42 98 0 380 248
0 954 77 0 945 281
0 1163 265 0 1328 430
1217 0 349 634 0 234
386 0 195 728 0 147
1395 0 182 877 0 700
1303 0 341 666 0 17
89 0 264 620 0 267
1284 0 115 621 0 778
0 1311 7 0 109 1195
0 507 347 0 125 729
516 0 372 709 0 245
0 348 53 0 1215 814
498 0 293 1254 0 1049
475 0 175 762 0 112
0 1488 40 0 67 1461
1382 0 184 964 0 232
253 0 137 1282 0 892
0 142 358 0 914 414
0 208 5 0 864 651
0 146 360 0 609 226
89 0 240 650 0 321
1072 0 44 317 0 799
723 0 11 1055 0 207
407 0 103 1075 0 565
825 0 45 951 0 171
911 0 111 1101 0 301
0 816 341 0 358 799
0 843 165 0 209 799
1189 0 76 1473 0 94
0 577 39 0 249 289
658 0 37 390 0 305
539 0 152 854 0 80
392 0 331 526 0 161
0 1082 77 0 241 918
1207 0 305 524 0 59
435 0 362 707 0 634
0 642 359 0 638 316
0 1113 9 0 624 264
0 605 299 0 993 687
151 0 171 1369 0 1047
1055 0 18 1333 0 296
0 1086 261 0 933 74
0 393 56 0 49 400
0 971 165 0 985 179
0 438 221 0 883 352
444 0 33 1434 0 957
0 834 171 0 552 111
539 0 151 61 0 629
875 0 252 1027 0 352
0 682 194 0 1334 214
0 841 307 0 547 106
0 1317 64 0 682 259
0 173 211 0 213 86
0 41 230 0 760 949
0 1441 361 0 1087 163
109 0 233 355 0 58
866 0 31 1327 0 430
0 786 237 0 730 293
962 0 21 1115 0 132
896 0 49 258 0 86
222 0 142 26 0 338
0 1494 67 0 1083 344
431 0 151 555 0 304
103 0 311 425 0 185
0 179 186 0 613 248
0 211 326 0 969 207
0 980 258 0 1111 6
0 644 157 0 827 72
0 932 291 0 1282 59
0 689 109 0 630 221
263 0 5 516 0 272
376 0 266 636 0 526
0 541 147 0 137 257
0 1093 364 0 1159 359
1091 0 80 68 0 943
519 0 113 26 0 380
0 1071 221 0 140 1152
496 0 330 672 0 66
0 114 165 0 931 86
121 0 352 1302 0 1533
0 330 155 0 541 366
0 1304 180 0 624 860
0 1467 70 0 634 903
0 232 121 0 132 19
0 384 177 0 432 146
1094 0 92 662 0 524
349 0 185 17 0 147
0 439 264 0 867 692
0 1103 248 0 379 145
0 1343 106 0 1250 115
0 735 183 0 608 310
506 0 248 427 0 279
1014 0 366 633 0 15
1096 0 327 791 0 35
0 1364 265 0 1220 182
0 625 75 0 474 76
1394 0 235 1268 0 288
0 536 55 0 163 428
0 94 110 0 1218 1234
192 0 42 143 0 7
239 0 48 789 0 598
867 0 117 176 0 808
1053 0 349 869 0 533
0 33 208 0 940 699
154 0 131 382 0 43
897 0 253 242 0 291
0 1447 350 0 499 98
0 79 277 0 1368 1012
488 0 6 218 0 276
0 841 353 0 1385 9
0 1458 225 0 406 827
0 1129 38 0 816 351
0 1068 250 0 843 475
0 1446 249 0 537 372
499 0 329 16 0 154
205 0 82 1287 0 324
0 970 196 0 194 580
0 1126 48 0 634 444
725 0 372 207 0 280
1356 0 302 887 0 167
221 0 5 26 0 190
0 1423 270 0 1248 31
0 1173 262 0 548 363
0 643 99 0 639 70
64 0 283 1084 0 1303
458 0 52 1492 0 1086
0 312 333 0 72 219
0 31 79 0 345 235
260 0 98 476 0 118
0 921 256 0 1004 303
0 702 233 0 417 91
1245 0 311 476 0 1080
369 0 154 1208 0 685
945 0 374 4 0 64
883 0 48 318 0 69
633 0 372 62 0 199
0 340 281 0 856 56
0 1426 99 0 1394 131
1062 0 335 1086 0 359
555 0 109 450 0 192
557 0 43 267 0 247
1353 0 168 464 0 1057
0 1174 335 0 1198 210
0 551 81 0 513 301
266 0 234 1087 0 251
30 0 243 276 0 3
0 520 255 0 138 127
0 636 5 0 872 241
0 345 45 0 1288 46
281 0 225 825 0 147
0 732 53 0 61 618
1279 0 169 1300 0 18
0 375 44 0 1262 931
0 378 259 0 1085 120
0 355 158 0 1175 978
290 0 57 183 0 164
410 0 261 301 0 370
0 392 367 0 1389 1364
0 1237 162 0 315 263
0 39 348 0 1401 1014
217 0 124 1024 0 226
0 1213 164 0 96 1281
1339 0 234 1147 0 186
519 0 36 1448 0 893
0 150 72 0 1250 28
1174 0 145 1214 0 170
246 0 57 789 0 600
0 1277 152 0 6 1423
957 0 88 1144 0 354
0 1454 209 0 1130 115
0 254 154 0 1021 921
0 85 132 0 120 366
173 0 204 860 0 65
1202 0 15 480 0 325
433 0 155 980 0 392
815 0 314 310 0 819
324 0 54 19 0 359
1464 0 346 896 0 156
496 0 157 372 0 281
0 575 154 0 408 348
1201 0 258 585 0 358
731 0 354 442 0 158
0 885 345 0 290 940
371 0 79 769 0 324
1414 0 81 232 0 1101
0 1266 106 0 540 832
310 0 125 814 0 379
0 162 183 0 176 197
1317 0 339 697 0 281
0 807 25 0 30 232
440 0 371 123 0 106
1406 0 124 1246 0 284
0 1481 335 0 1489 92
1128 0 21 104 0 10
613 0 206 1088 0 269
519 0 281 1098 0 860
740 0 225 339 0 626
0 1077 251 0 296 345
0 840 103 0 851 293
562 0 206 23 0 107
1380 0 135 957 0 288
0 15 154 0 1277 167
0 112 340 0 228 158
0 976 119 0 140 181
996 0 115 625 0 486
791 0 106 838 0 203
0 471 353 0 1271 447
1498 0 189 469 0 315
0 691 309 0 45 337
758 0 107 1337 0 5
0 67 339 0 1034 628
1421 0 165 863 0 393
560 0 173 1083 0 173
0 399 78 0 60 417
330 0 227 568 0 11
0 330 304 0 337 79
838 0 302 1057 0 39
380 0 117 1217 0 720
0 866 154 0 992 144
0 454 302 0 701 255
67 0 209 1100 0 824
1375 0 326 904 0 797
0 2 237 0 1489 119
370 0 55 349 0 344
0 144 362 0 55 278
1129 0 61 1332 0 264
0 1390 245 0 717 163
536 0 287 1339 0 1090
0 890 117 0 999 365
1337 0 114 352 0 5
0 11 114 0 470 345
565 0 311 682 0 189
393 0 38 1004 0 573
0 786 162 0 1091 143
0 273 289 0 814 95
1017 0 1 1110 0 92
0 437 175 0 303 345
760 0 190 574 0 216
1311 0 164 1093 0 382
104 0 349 1363 0 334
1258 0 303 951 0 285
0 1427 124 0 1313 238
737 0 121 1264 0 57
0 1202 243 0 376 31
0 1006 90 0 1142 226
0 1328 106 0 1446 12
0 722 184 0 1090 552
97 0 72 346 0 341
0 1382 62 0 1234 210
446 0 217 1211 0 150
1214 0 103 780 0 331
1411 0 51 744 0 718
0 672 43 0 1335 706
21 0 50 780 0 809
572 0 348 148 0 263
0 300 300 0 506 506
1367 0 199 1309 0 28
0 1366 349 0 992 251
1407 0 141 227 0 1321
0 316 351 0 23 344
715 0 200 100 0 179
0 1217 79 0 431 707
1013 0 273 461 0 825
0 938 51 0 323 218
331 0 34 1148 0 851
0 865 137 0 53 675
0 745 289 0 1103 345
82 0 273 635 0 826
1461 0 155 373 0 1243
3 0 60 536 0 473
0 1392 115 0 300 1207
473 0 93 640 0 260
955 0 281 197 0 1039
1061 0 173 27 0 1207
1259 0 191 755 0 695
0 284 4 0 1048 760
0 1215 40 0 448 727
1098 0 109 1449 0 242
0 1189 295 0 1073 411
0 1279 102 0 230 119
971 0 348 376 0 943
0 677 181 0 476 382
252 0 313 584 0 19
0 586 321 0 713 282
1201 0 359 946 0 224
286 0 11 795 0 498
0 1256 219 0 1241 347
427 0 198 1099 0 474
714 0 347 784 0 417
1069 0 189 180 0 700
698 0 153 1449 0 904
0 1144 343 0 1284 483
0 926 94 0 863 155
1052 0 161 1212 0 47
0 862 193 0 197 472
0 1345 348 0 1371 374
0 776 45 0 258 249
160 0 75 975 0 890
698 0 41 276 0 463
0 1314 94 0 688 374
649 0 268 224 0 262
1404 0 265 813 0 856
0 647 335 0 675 196
125 0 170 1172 0 128
0 613 212 0 1268 867
0 1275 162 0 448 207
0 1085 213 0 1276 75
0 1492 202 0 1137 557
0 484 20 0 817 313
835 0 190 14 0 1011
0 1388 366 0 858 252
0 521 65 0 1452 866
0 55 365 0 1065 645
1482 0 74 1028 0 528
1500 0 287 1438 0 349
1226 0 367 647 0 212
1156 0 100 356 0 700
0 1057 224 0 805 217
1210 0 278 895 0 593
0 893 226 0 623 348
37 0 200 634 0 348
0 1087 111 0 300 676
0 789 349 0 1075 308
1421 0 368 833 0 220
776 0 74 1465 0 615
0 717 111 0 227 379
0 275 145 0 1138 170
0 1091 204 0 1409 123
144 0 233 407 0 30
1279 0 157 117 0 126
1479 0 36 81 0 1434
226 0 202 224 0 14
462 0 246 1138 0 430
620 0 145 972 0 497
0 1473 338 0 778 314
206 0 151 840 0 295
0 675 107 0 962 180
1360 0 328 31 0 1657
0 663 351 0 1262 950
0 162 287 0 1219 355
288 0 218 404 0 347
0 666 257 0 182 741
0 1152 49 0 551 650
335 0 369 1439 0 735
353 0 50 1134 0 831
545 0 70 341 0 274
1074 0 204 159 0 1119
0 1027 152 0 1171 132
0 36 346 0 535 845
0 1426 202 0 921 95
0 661 26 0 162 473
0 1174 199 0 3 361
606 0 240 1284 0 918
0 482 172 0 1351 1041
0 282 292 0 1148 574
34 0 183 682 0 831
623 0 296 505 0 414
0 887 112 0 228 547
1498 0 155 614 0 236
0 894 243 0 234 417
0 493 327 0 597 431
0 255 256 0 765 766
0 482 30 0 676 49
628 0 46 1083 0 92
1134 0 82 864 0 188
0 20 37 0 1028 1045
620 0 324 512 0 336
1119 0 199 1469 0 174
0 187 203 0 771 298
828 0 236 1096 0 32
918 0 306 233 0 991
1292 0 33 1064 0 195
721 0 52 567 0 206
0 1156 160 0 1481 165
799 0 19 617 0 201
1212 0 265 1394 0 121
364 0 226 1193 0 1055
1023 0 130 1100 0 207
288 0 47 153 0 182
0 288 373 0 190 226
0 1350 22 0 1472 144
0 1232 221 0 1050 403
314 0 370 910 0 226
0 1335 170 0 304 275
0 810 144 0 54 900
674 0 302 1000 0 208
0 109 3 0 73 42
0 93 143 0 973 1023
0 900 322 0 292 152
0 1207 178 0 1032 10
1074 0 289 1471 0 256
0 859 171 0 457 54
897 0 160 1130 0 73
1434 0 353 483 0 197
0 1326 111 0 229 1208
0 215 336 0 1300 1421
0 1084 134 0 23 927
483 0 316 1349 0 1182
1084 0 114 782 0 416
1272 0 12 453 0 807
717 0 210 1492 0 101
0 107 291 0 799 401
0 436 194 0 427 197
1015 0 126 1235 0 72
524 0 36 797 0 237
0 653 27 0 1119 439
0 351 190 0 1348 1187
0 579 178 0 1349 173
0 956 193 0 1411 99
932 0 239 1396 0 703
944 0 341 316 0 175
619 0 97 280 0 124
0 499 223 0 790 68
807 0 134 62 0 21
0 1000 233 0 652 321
1214 0 54 484 0 676
271 0 148 838 0 419
808 0 75 1049 0 166
0 1090 355 0 1041 309
980 0 215 571 0 624
0 376 353 0 1326 1303
0 340 371 0 1009 138
22 0 316 1 0 188
624 0 166 373 0 417
0 215 357 0 1112 540
0 232 32 0 186 78
0 869 35 0 1138 296
244 0 302 1110 0 85
1122 0 368 1024 0 466
1282 0 340 184 0 758
656 0 136 1189 0 397
633 0 198 1 0 17
65 0 139 829 0 625
0 514 348 0 598 432
596 0 292 1072 0 112
0 1179 4 0 848 327
1441 0 282 883 0 840
0 1012 185 0 307 300
1054 0 97 1074 0 322
0 548 73 0 1383 908
0 1236 211 0 903 122
0 789 96 0 852 159
0 686 104 0 1351 561
0 612 121 0 730 203
0 890 98 0 687 301
1118 0 235 881 0 346
0 578 159 0 793 56
1133 0 137 580 0 6
0 580 372 0 213 133
0 199 334 0 654 121
0 967 10 0 1165 188
0 1308 164 0 363 781
910 0 66 1330 0 486
0 1160 23 0 160 977
1446 0 220 1182 0 35
0 1097 130 0 1332 365
0 861 159 0 709 304
0 615 280 0 551 306
0 423 115 0 526 258
0 906 357 0 889 281
973 0 290 600 0 160
622 0 343 460 0 505
1357 0 202 762 0 287
0 381 107 0 1057 193
989 0 235 31 0 723
0 73 85 0 1319 303
0 761 247 0 1351 92
0 1085 269 0 239 577
20 0 91 62 0 364
1394 0 71 825 0 640
1 0 356 991 0 634
0 446 286 0 493 366
0 967 122 0 456 633
1129 0 116 1160 0 136
0 1127 364 0 980 105
1375 0 288 770 0 94
0 380 163 0 688 145
0 627 372 0 549 450
0 1450 155 0 427 1178
989 0 361 326 0 133
1189 0 55 417 0 225
571 0 319 703 0 355
1136 0 154 1047 0 371
468 0 131 1043 0 339
492 0 252 753 0 513
778 0 321 1228 0 771
0 766 374 0 429 259
1167 0 226 599 0 794
0 1324 372 0 321 347
1398 0 320 398 0 1320
0 850 74 0 551 237
659 0 307 1298 0 332
0 1433 83 0 586 764
0 1215 373 0 1326 243
0 720 210 0 1434 504
0 791 146 0 985 340
0 148 278 0 1071 1201
0 1063 288 0 1418 67
0 396 214 0 761 151
0 896 312 0 539 669
482 0 244 550 0 312
224 0 169 648 0 255
903 0 72 355 0 476
0 872 285 0 767 166
0 1189 182 0 843 528
1056 0 64 500 0 167
0 1322 233 0 855 41
0 663 101 0 579 321
316 0 207 1184 0 1075
0 1098 309 0 1367 578
1399 0 74 1183 0 142
672 0 221 254 0 639
1334 0 112 1340 0 114
488 0 91 855 0 180
1095 0 258 675 0 678
0 1053 191 0 744 118
742 0 180 155 0 767
567 0 58 1001 0 492
1437 0 132 745 0 824
1020 0 364 797 0 328
0 137 62 0 1450 170
339 0 354 753 0 184
0 1445 87 0 1345 13
214 0 69 21 0 358
684 0 210 304 0 590
0 280 103 0 1266 883
1285 0 312 488 0 56
1059 0 95 1391 0 306
0 554 223 0 109 222
1163 0 163 1077 0 249
1286 0 60 956 0 302
800 0 204 1418 0 255
1489 0 22 879 0 632
1083 0 282 1175 0 374
1016 0 20 337 0 699
630 0 229 343 0 58
0 1143 150 0 1350 357
83 0 134 1184 0 1235
205 0 335 674 0 134
1301 0 253 1082 0 310
0 1012 332 0 1181 46
223 0 221 1292 0 187
574 0 227 1372 0 46
0 320 106 0 443 219
0 973 226 0 1395 185
0 555 328 0 1344 1117
0 1307 88 0 317 902
0 867 341 0 1398 190
161 0 188 1467 0 1118
0 941 199 0 434 308
105 0 86 468 0 131
1374 0 247 69 0 1058
0 556 80 0 527 168
0 207 109 0 632 534
0 1322 53 0 310 959
0 572 343 0 934 135
0 210 361 0 211 362
426 0 77 267 0 120
1413 0 366 73 0 1706
121 0 268 853 0 186
0 688 265 0 1416 341
1384 0 286 99 0 1571
600 0 285 444 0 56
0 1095 370 0 598 364
46 0 120 501 0 363
1467 0 100 695 0 872
1002 0 335 1281 0 75
708 0 15 1344 0 621
0 702 371 0 407 666
0 275 33 0 1496 273
0 915 323 0 468 770
796 0 178 655 0 327
1270 0 331 1115 0 143
0 1051 162 0 1242 353
1483 0 75 1414 0 12
0 938 10 0 983 171
0 389 301 0 1498 808
0 1276 271 0 744 261
452 0 329 528 0 243
0 1498 146 0 333 1311
0 996 37 0 637 396
541 0 196 700 0 28
916 0 259 154 0 63
0 74 336 0 252 218
587 0 136 487 0 214
0 1430 334 0 1413 62
1076 0 75 1084 0 228
894 0 135 1088 0 329
1138 0 227 1129 0 208
291 0 205 387 0 169
1072 0 287 393 0 966
166 0 18 581 0 397
131 0 190 1128 0 1187
0 923 188 0 550 185
230 0 75 716 0 561
1491 0 323 551 0 617
0 799 92 0 44 847
0 1152 115 0 1213 176
33 0 34 900 0 901
0 928 211 0 16 701
1119 0 64 1417 0 234
493 0 361 1479 0 17
1451 0 87 830 0 534
0 1076 158 0 769 465
794 0 303 103 0 48
750 0 135 666 0 286
0 966 184 0 123 1027
0 97 356 0 1487 360
0 1425 144 0 1383 90
0 294 194 0 630 530
0 441 371 0 267 22
581 0 340 446 0 257
0 238 320 0 629 118
0 954 193 0 207 554
1448 0 201 1100 0 147
0 233 68 0 718 417
645 0 214 901 0 470
492 0 247 249 0 490
1066 0 223 393 0 371
706 0 275 551 0 206
0 1279 241 0 1098 39
0 643 287 0 1457 1101
1226 0 76 776 0 374
0 846 22 0 1252 384
0 1410 218 0 82 1110
0 1015 162 0 764 203
0 500 202 0 355 10
654 0 320 1039 0 65
0 826 272 0 977 217
0 351 183 0 1442 908
0 1022 155 0 1017 292
867 0 71 1123 0 271
1107 0 132 992 0 160
1196 0 347 597 0 946
1427 0 126 368 0 933
236 0 134 248 0 302
1470 0 269 216 0 985
553 0 165 198 0 35
0 42 263 0 313 8
1298 0 236 1025 0 306
659 0 243 891 0 325
1494 0 308 626 0 1176
1413 0 39 639 0 735
0 43 334 0 552 843
613 0 99 1311 0 797
352 0 315 62 0 140
0 190 215 0 734 329
0 261 57 0 85 96
0 927 214 0 840 26
0 1429 213 0 671 154
1497 0 49 793 0 136
295 0 370 72 0 168
552 0 217 523 0 246
0 292 370 0 48 348
0 1106 123 0 71 1158
675 0 233 802 0 18
0 1233 260 0 1025 374
0 832 105 0 821 116
689 0 203 735 0 253
856 0 47 229 0 371
678 0 169 800 0 57
0 141 60 0 120 96
0 1205 144 0 655 347
1248 0 202 737 0 713
0 800 193 0 209 212
0 549 96 0 93 360
0 1116 1 0 313 804
0 586 208 0 104 40
0 735 314 0 633 416
1230 0 88 402 0 916
0 772 41 0 901 170
0 1089 15 0 1362 258
0 1268 217 0 663 822
1303 0 138 78 0 1363
0 862 212 0 1482 832
1036 0 103 1292 0 344
377 0 193 1199 0 1015
0 228 48 0 1393 1117
548 0 224 50 0 274
1155 0 119 1366 0 330
0 882 190 0 357 715
193 0 323 137 0 82
667 0 188 860 0 180
0 417 30 0 905 152
0 407 82 0 1429 940
0 929 48 0 33 848
0 1026 241 0 1412 148
0 1269 179 0 539 551
0 641 128 0 1231 718
854 0 28 863 0 153
972 0 325 113 0 1184
0 521 1 0 471 51
1020 0 1 1001 0 18
0 951 193 0 1480 722
0 1013 174 0 227 960
0 1143 53 0 236 960
0 39 164 0 1441 1566
299 0 243 864 0 808
0 835 240 0 600 354
722 0 373 1177 0 82
0 1140 359 0 854 65
413 0 145 408 0 150
606 0 223 311 0 72
1054 0 356 833 0 577
169 0 99 375 0 107
0 2 98 0 525 621
317 0 340 871 0 214
0 838 242 0 1409 329
0 146 302 0 179 337
0 364 125 0 931 692
0 1465 235 0 993 237
1056 0 13 939 0 104
0 1418 1 0 534 48
854 0 48 200 0 702
0 620 299 0 1324 126
96 0 273 57 0 136
1203 0 65 1236 0 98
0 1401 38 0 235 1128
338 0 303 185 0 456
0 1450 295 0 1349 50
0 1185 9 0 764 412
0 883 171 0 1295 583
801 0 334 54 0 413
0 1024 107 0 1210 36
0 1246 303 0 155 34
1212 0 281 655 0 838
422 0 120 557 0 113
0 698 324 0 1209 187
0 1151 189 0 321 1019
837 0 31 1244 0 376
0 679 137 0 146 396
0 835 328 0 1418 911
0 885 131 0 1251 497
1462 0 95 1441 0 244
362 0 210 644 0 492
0 622 183 0 44 761
0 586 250 0 811 244
0 1090 174 0 222 1042
0 1421 333 0 1237 149
0 1331 330 0 505 496
773 0 123 1158 0 302
1319 0 235 1401 0 317
1007 0 302 292 0 1017
0 1078 221 0 1189 289
1132 0 268 1019 0 29
1144 0 368 435 0 341
0 1187 11 0 1315 117
0 177 202 0 1421 1446
349 0 91 1422 0 1164
0 1164 232 0 441 96
0 648 103 0 687 142
0 250 201 0 590 541
323 0 105 862 0 434
1330 0 170 1218 0 81
0 1316 11 0 978 359
0 1267 26 0 503 738
0 1094 159 0 327 926
99 0 321 1037 0 1259
0 1211 96 0 605 510
0 444 212 0 475 299
0 680 271 0 1099 690
0 461 91 0 1453 901
1122 0 208 1380 0 50
689 0 195 136 0 748
0 491 312 0 14 361
812 0 83 555 0 174
578 0 63 1035 0 520
0 1464 4 0 1086 382
41 0 171 468 0 108
0 627 19 0 176 28
0 221 310 0 918 1007
156 0 372 393 0 141
0 1354 221 0 640 493
194 0 153 1205 0 858
0 243 209 0 910 458
1326 0 34 1325 0 168
0 900 283 0 206 162
598 0 299 464 0 135
0 393 29 0 608 228
0 1058 101 0 1470 9
0 994 299 0 1141 446
0 371 136 0 77 430
0 184 336 0 1042 1194
0 638 349 0 1451 141
0 138 196 0 1127 204
1312 0 212 91 0 1433
0 819 104 0 1234 359
336 0 215 802 0 248
0 584 206 0 637 328
0 846 370 0 1187 711
320 0 22 37 0 261
1299 0 304 1108 0 217
597 0 95 879 0 187
1122 0 127 905 0 344
504 0 297 349 0 452
0 371 24 0 393 46
0 1313 336 0 1444 32
496 0 128 129 0 495
0 889 166 0 941 218
0 144 303 0 481 160
728 0 150 1015 0 262
0 386 319 0 1007 327
1415 0 336 739 0 155
605 0 319 58 0 866
1286 0 161 1484 0 16
817 0 206 193 0 830
0 29 47 0 1069 3
0 272 9 0 855 42
159 0 199 758 0 400
0 1189 46 0 1239 373
728 0 137 671 0 263
0 1243 125 0 1017 351
65 0 121 1354 0 47
0 4 233 0 204 433
0 406 208 0 1213 599
0 771 71 0 1127 285
237 0 58 1446 0 1151
0 1003 326 0 1015 78
0 983 64 0 1188 269
0 1381 301 0 140 15
0 1011 105 0 1486 10
446 0 301 1039 0 292
640 0 212 802 0 374
0 686 8 0 273 421
742 0 185 318 0 216
170 0 191 72 0 46
1270 0 93 1489 0 218
0 347 63 0 1185 36
1198 0 313 1334 0 62
130 0 298 8 0 186
1455 0 141 130 0 1466
0 392 159 0 1305 363
0 1084 1 0 709 180
0 222 219 0 867 297
286 0 19 734 0 429
0 367 219 0 849 701
705 0 75 332 0 298
529 0 211 425 0 178
398 0 115 1491 0 978
1080 0 335 1058 0 357
0 1114 87 0 828 288
0 1277 43 0 1037 197
485 0 367 1406 0 231
0 1027 148 0 1169 208
1196 0 19 727 0 488
0 333 3 0 654 39
583 0 101 448 0 34
0 1092 191 0 899 222
649 0 315 1037 0 703
1270 0 61 277 0 932
0 1357 52 0 268 1141
0 455 166 0 1023 734
0 694 324 0 967 40
839 0 267 552 0 554
0 438 342 0 860 764
0 619 342 0 1085 124
1249 0 84 77 0 1256
0 391 336 0 1004 949
1245 0 196 191 0 858
0 769 318 0 250 170
12 0 204 1142 0 926
243 0 29 1198 0 169
89 0 122 396 0 429
767 0 359 49 0 286
390 0 6 219 0 177
0 374 146 0 873 645
0 273 260 0 565 552
220 0 166 911 0 330
0 268 239 0 694 187
816 0 18 406 0 392
1204 0 252 676 0 780
1141 0 275 1205 0 120
903 0 79 562 0 262
621 0 24 757 0 160
556 0 51 1218 0 363
78 0 313 1312 0 1547
0 1387 146 0 1373 184
0 963 30 0 189 744
0 353 282 0 887 252
549 0 79 690 0 141
0 619 162 0 291 490
0 512 297 0 218 183
0 1021 123 0 55 843
1189 0 267 306 0 287
690 0 74 1204 0 588
0 1357 52 0 924 485
166 0 51 1036 0 252
0 1480 25 0 727 728
0 92 87 0 1170 991
39 0 202 844 0 1007
981 0 187 717 0 197
