200
402 0 24 972 0 594
1162 0 330 742 0 90
0 80 372 0 861 409
799 0 132 796 0 246
1174 0 272 1081 0 334
0 1325 361 0 1319 23
1278 0 181 639 0 820
1486 0 114 308 0 1064
998 0 129 1480 0 168
0 863 256 0 678 323
582 0 108 624 0 150
26 0 337 106 0 417
0 1151 61 0 1414 324
0 691 3 0 36 35
0 226 277 0 1419 916
517 0 176 1443 0 1102
0 422 79 0 661 318
791 0 130 1236 0 575
0 1179 346 0 1206 36
259 0 163 245 0 93
923 0 247 1219 0 543
0 758 198 0 7 269
0 1231 234 0 963 502
598 0 211 1048 0 197
0 422 368 0 666 612
999 0 42 381 0 32
454 0 30 1098 0 614
148 0 201 735 0 788
1311 0 103 254 0 1160
827 0 135 1352 0 105
0 154 201 0 1395 1442
1387 0 96 863 0 2
973 0 210 963 0 204
447 0 120 511 0 184
0 1409 216 0 801 392
0 1385 296 0 1117 248
417 0 307 106 0 618
0 668 6 0 840 166
0 1201 127 0 1223 149
0 574 171 0 497 263
731 0 96 1158 0 331
85 0 212 1035 0 129
103 0 61 542 0 136
0 854 136 0 624 366
0 1156 280 0 148 1288
0 1142 132 0 123 1151
0 1454 159 0 257 1038
802 0 49 1469 0 716
0 385 132 0 751 111
0 647 221 0 2 866
0 1125 283 0 1310 253
0 1101 175 0 891 36
0 1145 156 0 264 725
0 100 140 0 414 454
0 26 122 0 170 22
832 0 65 748 0 19
0 608 42 0 1365 799
0 1490 58 0 91 1457
0 239 96 0 335 336
0 64 67 0 341 210
0 612 172 0 14 104
0 174 5 0 760 175
0 1405 322 0 1212 235
1245 0 140 316 0 1069
383 0 312 231 0 464
0 1339 133 0 68 1404
1063 0 265 1453 0 125
1156 0 80 385 0 691
1218 0 10 149 0 1059
0 747 198 0 779 140
0 1050 298 0 1086 334
0 744 115 0 154 295
375 0 205 373 0 163
22 0 186 869 0 7
667 0 308 954 0 360
1391 0 333 1086 0 292
0 733 190 0 693 317
935 0 156 1493 0 60
0 495 177 0 826 508
966 0 53 397 0 622
814 0 108 641 0 65
1350 0 296 494 0 560
780 0 240 364 0 656
1079 0 368 595 0 116
0 1320 226 0 525 1021
856 0 341 1232 0 35
1334 0 228 856 0 250
0 1330 110 0 740 297
0 831 369 0 1329 129
0 911 277 0 1118 296
0 23 219 0 344 540
0 968 79 0 1190 256
0 1145 336 0 649 832
236 0 151 943 0 556
93 0 102 869 0 878
659 0 50 399 0 349
0 440 320 0 170 590
0 1361 71 0 176 1256
0 1366 3 0 303 1060
1324 0 130 1425 0 98
0 522 106 0 1364 736
0 1125 279 0 119 727
116 0 96 1252 0 209
0 1001 140 0 242 619
0 1046 16 0 688 240
0 898 244 0 1091 437
0 891 9 0 116 201
0 1364 154 0 573 296
899 0 227 585 0 91
0 820 131 0 525 426
0 1367 322 0 1280 138
971 0 205 547 0 219
0 1462 28 0 156 87
861 0 21 420 0 420
0 1155 250 0 231 674
647 0 324 958 0 635
815 0 361 528 0 648
0 691 177 0 656 153
0 933 6 0 72 867
0 38 1 0 707 247
0 829 364 0 748 352
0 108 317 0 1382 1591
0 715 135 0 674 247
0 763 345 0 1097 679
0 779 226 0 316 51
115 0 218 1238 0 905
0 684 64 0 47 701
0 306 62 0 745 501
0 1327 364 0 205 1486
0 545 70 0 170 305
442 0 247 1218 0 303
1241 0 189 173 0 879
980 0 263 1409 0 280
0 1231 298 0 642 209
0 1091 146 0 2 348
0 186 209 0 1399 1422
1224 0 259 180 0 58
76 0 27 303 0 254
0 514 14 0 1203 703
0 850 273 0 675 59
0 1160 366 0 989 268
510 0 375 1328 0 1193
0 1432 354 0 106 1680
0 682 144 0 957 131
1082 0 312 1465 0 120
0 864 144 0 195 813
0 654 329 0 803 145
811 0 216 741 0 264
902 0 86 1386 0 398
1197 0 24 406 0 815
0 110 15 0 306 211
0 95 234 0 660 331
178 0 28 613 0 463
1005 0 145 69 0 791
703 0 83 1442 0 656
1207 0 93 728 0 386
1418 0 294 449 0 1263
0 91 66 0 1309 103
652 0 66 1103 0 517
0 860 66 0 1213 419
1449 0 101 345 0 1003
1323 0 158 1061 0 104
0 73 364 0 207 498
0 940 373 0 298 333
78 0 153 1076 0 1151
1024 0 97 800 0 321
0 1079 30 0 1 1108
0 893 190 0 744 339
0 382 235 0 391 12
0 990 311 0 1384 83
1494 0 261 77 0 69
0 581 136 0 532 185
0 403 282 0 657 297
1291 0 225 909 0 607
0 1397 16 0 838 543
0 691 177 0 599 355
0 1488 208 0 1078 200
0 332 228 0 278 282
0 454 106 0 616 212
0 1030 293 0 439 122
0 1277 39 0 124 340
0 1044 151 0 945 78
0 1398 8 0 1020 386
759 0 173 452 0 134
0 980 270 0 1253 147
0 1492 73 0 512 1053
992 0 12 726 0 278
1487 0 241 467 0 139
0 273 152 0 506 385
1468 0 322 1144 0 308
0 107 157 0 411 461
29 0 77 152 0 200
0 860 6 0 956 130
459 0 236 1397 0 1174
0 609 210 0 486 333
0 790 114 0 1346 442
0 1006 76 0 1200 270
866 0 21 1352 0 221
224 0 198 743 0 321
803 0 250 72 0 981
