80
224 0 71 230 0 111
0 216 84 0 72 228
80 0 47 234 0 201
0 357 105 0 305 157
0 294 108 0 383 197
0 62 25 0 469 382
67 0 90 218 0 61
124 0 37 27 0 80
0 84 89 0 235 117
25 0 111 75 0 25
378 0 35 295 0 48
0 232 30 0 427 225
0 372 106 0 178 116
333 0 121 482 0 270
0 150 22 0 449 88
46 0 105 459 0 518
114 0 48 226 0 70
0 230 66 0 169 33
63 0 19 490 0 408
431 0 0 433 0 2
387 0 55 360 0 82
0 291 124 0 155 88
111 0 33 267 0 102
0 338 41 0 348 72
0 239 30 0 192 84
30 0 76 244 0 290
0 96 118 0 259 281
0 214 101 0 375 32
0 302 40 0 346 96
0 42 87 0 261 82
0 434 113 0 247 59
264 0 18 437 0 155
332 0 68 265 0 135
0 418 101 0 258 59
0 224 80 0 255 0
442 0 82 77 0 71
274 0 46 310 0 21
0 1 61 0 22 76
294 0 49 215 0 128
0 332 107 0 431 49
0 133 7 0 238 113
92 0 97 456 0 267
124 0 5 337 0 218
0 288 30 0 233 25
0 260 45 0 56 249
0 244 47 0 473 182
251 0 72 217 0 64
0 5 23 0 484 49
0 112 60 0 479 307
60 0 14 452 0 378
0 366 61 0 30 397
0 296 20 0 85 32
141 0 89 10 0 42
249 0 38 166 0 121
0 4 84 0 223 46
215 0 117 150 0 182
233 0 100 254 0 121
0 380 1 0 107 74
0 489 60 0 349 80
0 273 64 0 283 61
0 243 64 0 432 12
217 0 24 83 0 110
0 70 17 0 236 183
255 0 39 390 0 174
0 142 1 0 55 110
348 0 34 484 0 112
123 0 112 35 0 94
202 0 96 394 0 62
0 455 73 0 341 41
306 0 19 148 0 15
0 123 7 0 459 63
0 221 51 0 146 126
0 67 6 0 212 151
39 0 92 406 0 275
0 126 5 0 333 202
37 0 55 335 0 59
0 356 39 0 440 123
445 0 54 239 0 260
388 0 56 375 0 69
0 484 86 0 311 259
