50
448 0 98 320 0 226
0 89 34 0 9 46
0 103 110 0 232 72
0 466 99 0 463 41
347 0 70 47 0 69
160 0 19 166 0 30
431 0 61 60 0 310
248 0 7 393 0 152
0 375 61 0 43 393
0 306 75 0 298 47
0 124 5 0 475 346
0 16 32 0 333 349
448 0 46 235 0 167
0 463 99 0 305 1
0 290 48 0 229 102
4 0 64 42 0 102
94 0 34 323 0 263
323 0 110 306 0 127
0 240 108 0 297 60
303 0 115 498 0 310
0 264 118 0 149 58
0 194 14 0 402 194
283 0 80 39 0 100
0 273 74 0 157 190
0 262 13 0 44 231
58 0 98 165 0 37
247 0 20 189 0 79
0 448 26 0 95 379
333 0 23 289 0 11
215 0 12 194 0 33
146 0 64 147 0 65
336 0 17 376 0 28
0 73 106 0 262 8
121 0 36 165 0 8
72 0 56 434 0 54
0 391 42 0 398 117
0 106 48 0 310 252
0 206 60 0 392 56
247 0 56 241 0 50
394 0 24 124 0 246
0 314 45 0 135 116
0 402 97 0 495 190
0 272 42 0 482 19
458 0 23 133 0 41
422 0 110 286 0 246
0 347 31 0 262 116
36 0 41 415 0 124
186 0 45 259 0 118
0 442 112 0 303 42
87 0 124 369 0 7
