100
0 152 86 0 499 433
0 310 121 0 18 171
438 0 9 22 0 8
0 132 71 0 63 140
415 0 106 157 0 57
308 0 93 115 0 41
108 0 9 337 0 238
0 274 19 0 25 268
0 231 29 0 263 61
0 181 6 0 28 147
350 0 85 103 0 12
0 235 39 0 429 233
225 0 118 498 0 391
293 0 47 372 0 37
0 408 56 0 376 88
147 0 107 312 0 58
452 0 65 336 0 51
42 0 64 6 0 100
482 0 40 191 0 71
0 434 65 0 210 289
24 0 45 321 0 117
0 254 56 0 493 183
0 316 88 0 147 53
267 0 70 381 0 44
0 16 19 0 482 447
0 440 16 0 375 87
0 403 65 0 82 79
399 0 93 130 0 176
0 272 96 0 105 263
0 417 115 0 483 111
0 473 124 0 301 48
126 0 65 462 0 23
0 68 123 0 375 430
294 0 58 229 0 7
0 338 108 0 272 174
422 0 24 166 0 280
0 380 7 0 60 109
0 265 113 0 463 311
0 90 106 0 108 114
0 375 91 0 399 115
0 113 83 0 155 20
23 0 38 358 0 23
357 0 33 99 0 225
0 211 95 0 324 18
0 341 43 0 58 326
0 461 59 0 51 469
0 473 47 0 250 270
0 299 21 0 469 149
0 362 71 0 189 244
0 341 69 0 70 202
0 500 69 0 190 379
331 0 54 21 0 256
407 0 21 308 0 120
0 490 34 0 65 459
485 0 101 398 0 52
498 0 3 60 0 8
7 0 122 433 0 548
0 65 45 0 98 4
425 0 122 27 0 113
0 254 9 0 54 191
191 0 80 137 0 134
474 0 118 423 0 6
263 0 95 480 0 122
0 75 39 0 436 400
324 0 48 156 0 216
243 0 2 487 0 5
42 0 27 416 0 347
0 106 47 0 82 73
0 342 67 0 156 119
407 0 118 26 0 25
0 103 103 0 313 106
0 412 4 0 278 130
309 0 101 194 0 216
0 317 19 0 439 141
61 0 58 315 0 196
421 0 101 199 0 29
0 220 62 0 412 87
0 222 79 0 114 29
0 156 103 0 394 341
0 47 3 0 222 172
341 0 84 197 0 228
0 334 107 0 198 33
0 116 114 0 40 190
0 69 42 0 25 2
267 0 60 61 0 266
0 209 83 0 302 10
0 105 66 0 101 113
169 0 9 119 0 59
0 26 107 0 39 59
415 0 106 135 0 386
360 0 117 488 0 11
343 0 28 308 0 63
0 384 9 0 309 66
0 262 35 0 442 215
62 0 46 225 0 209
0 127 49 0 189 13
221 0 42 190 0 73
305 0 63 218 0 150
349 0 8 177 0 180
201 0 0 214 0 13
