200
0 39 113 0 395 243
408 0 61 489 0 142
26 0 26 231 0 179
0 322 49 0 459 70
66 0 36 193 0 163
0 438 52 0 74 312
0 465 72 0 89 448
0 14 52 0 27 16
278 0 99 263 0 52
0 91 77 0 404 390
0 19 116 0 235 100
0 97 110 0 75 132
480 0 106 338 0 112
70 0 97 74 0 101
0 412 63 0 417 68
0 446 90 0 352 4
458 0 45 190 0 223
0 1 39 0 104 64
165 0 94 253 0 79
0 9 36 0 432 57
0 493 91 0 108 476
250 0 32 162 0 35
219 0 78 168 0 129
314 0 6 407 0 99
0 347 35 0 112 270
407 0 15 414 0 4
312 0 10 393 0 34
389 0 68 423 0 39
0 274 50 0 204 20
29 0 111 22 0 14
0 417 1 0 170 248
0 223 44 0 423 84
0 442 95 0 89 448
228 0 96 110 0 107
0 498 23 0 126 395
0 247 111 0 325 189
0 489 104 0 350 243
0 18 55 0 475 402
0 4 103 0 127 226
242 0 88 396 0 66
0 156 84 0 51 71
0 265 91 0 50 92
117 0 23 19 0 8
0 192 24 0 351 135
0 5 26 0 364 333
0 295 66 0 169 60
448 0 108 400 0 156
0 398 55 0 214 129
441 0 123 350 0 214
215 0 29 204 0 80
436 0 121 125 0 432
0 72 57 0 399 270
76 0 68 482 0 25
0 229 78 0 263 71
0 410 20 0 277 153
383 0 74 474 0 165
0 37 66 0 188 85
111 0 111 90 0 23
0 419 78 0 357 33
160 0 19 426 0 285
3 0 95 119 0 211
0 151 45 0 181 75
0 497 10 0 25 462
0 222 62 0 419 135
211 0 37 481 0 233
0 54 13 0 37 4
0 164 50 0 126 42
451 0 0 261 0 190
0 47 78 0 192 73
0 56 77 0 296 18
34 0 100 402 0 268
250 0 44 107 0 187
0 147 30 0 296 0
121 0 54 93 0 73
0 124 76 0 230 182
0 271 96 0 476 301
0 36 23 0 96 83
259 0 61 265 0 102
0 238 82 0 128 28
0 68 15 0 74 123
376 0 59 446 0 129
0 473 50 0 202 321
329 0 85 99 0 315
0 224 93 0 327 10
163 0 114 466 0 85
0 418 0 0 288 130
0 374 10 0 203 46
478 0 98 237 0 143
0 326 84 0 261 149
238 0 97 379 0 44
0 422 37 0 231 154
493 0 108 67 0 318
438 0 3 217 0 13
208 0 62 286 0 119
0 241 101 0 36 306
0 151 69 0 421 66
0 21 51 0 442 84
469 0 109 283 0 295
26 0 87 179 0 240
0 176 93 0 496 413
382 0 29 283 0 70
0 479 39 0 230 51
0 198 88 0 135 151
0 498 51 0 172 377
296 0 47 3 0 18
43 0 48 453 0 362
0 391 55 0 250 111
186 0 83 435 0 332
297 0 101 142 0 54
0 415 88 0 252 251
269 0 26 234 0 61
0 305 29 0 453 177
44 0 102 333 0 187
313 0 7 113 0 55
0 9 80 0 356 267
423 0 113 5 0 531
0 381 3 0 63 315
404 0 18 447 0 25
0 129 4 0 406 38
0 154 2 0 311 155
0 296 85 0 364 15
19 0 85 25 0 115
137 0 71 37 0 29
0 245 4 0 113 136
0 123 79 0 206 102
0 367 68 0 115 320
0 31 110 0 207 53
0 465 92 0 352 22
0 43 113 0 475 545
347 0 76 98 0 68
339 0 29 76 0 98
383 0 62 333 0 112
94 0 15 129 0 20
84 0 100 164 0 17
0 421 92 0 344 40
0 419 89 0 441 64
297 0 120 382 0 8
0 17 30 0 368 71
0 360 39 0 93 228
0 449 80 0 484 115
0 372 12 0 53 80
399 0 65 111 0 59
0 447 114 0 477 144
0 82 58 0 23 47
302 0 70 45 0 327
322 0 43 276 0 108
155 0 124 73 0 34
476 0 110 409 0 104
0 404 124 0 170 123
19 0 78 499 0 402
76 0 18 203 0 109
461 0 35 287 0 209
0 433 46 0 474 87
70 0 78 261 0 24
180 0 93 374 0 59
448 0 121 58 0 269
0 87 13 0 57 29
0 479 74 0 250 13
215 0 116 397 0 89
0 301 4 0 278 19
242 0 106 443 0 307
0 459 74 0 302 231
0 412 49 0 111 2
130 0 78 240 0 39
497 0 35 38 0 424
0 137 86 0 36 18
15 0 117 104 0 64
10 0 51 36 0 77
294 0 124 69 0 349
0 352 125 0 357 130
0 490 11 0 479 22
0 217 111 0 152 43
336 0 119 107 0 348
0 79 68 0 125 90
0 93 28 0 373 252
0 217 115 0 159 89
0 6 124 0 315 58
0 363 87 0 316 134
0 333 73 0 134 272
364 0 33 84 0 55
210 0 79 164 0 106
0 334 108 0 274 83
174 0 92 44 0 52
0 65 18 0 341 294
0 1 22 0 159 136
0 318 107 0 437 226
0 476 104 0 364 216
0 47 41 0 210 204
487 0 11 50 0 97
98 0 95 29 0 69
0 248 80 0 108 220
0 409 115 0 182 342
0 217 45 0 498 326
295 0 46 343 0 2
348 0 7 479 0 138
78 0 45 185 0 62
0 135 72 0 334 127
0 270 16 0 128 158
365 0 26 441 0 102
0 195 60 0 17 118
